fecha	objective	metric	first_metric_only	boost_from_average	feature_pre_filter	verbosity	seed	max_bin	num_iterations	force_row_wise	learning_rate	feature_fraction	min_data_in_leaf	num_leaves	prob_corte	max_depth	lambda_l1	lambda_l2	min_gain_to_split	ganancia	iteracion
20220608 031035	binary	custom	TRUE	TRUE	FALSE	-100	442837	31	41	TRUE	0.163798017556611	0.925582464204894	4150	469	0.027357843329729	-1	0.124025808188081	0.0803253161707997	0.265857081433448	10998000	1
20220608 031042	binary	custom	TRUE	TRUE	FALSE	-100	442837	31	91	TRUE	0.22621231828771	0.840019490388739	4866	541	0.0350709499428545	1	0.0808489904337977	0.128736464706405	0.231783535383228	10217000	2
20220608 031057	binary	custom	TRUE	TRUE	FALSE	-100	442837	31	399	TRUE	0.192304810813124	0.720202124134327	5055	589	0.0374695149248712	1	0.150586258645894	0.0717200820424801	0.480791228878338	10600000	3
20220608 031109	binary	custom	TRUE	TRUE	FALSE	-100	442837	31	30	TRUE	0.208583107529557	0.546485034686824	4795	763	0.0337471337687694	-2	0.0914614109516454	0.0311207305717592	0.337499215422819	9582000	4
20220608 031129	binary	custom	TRUE	TRUE	FALSE	-100	442837	31	247	TRUE	0.157666800659434	0.584316419691054	4960	522	0.0363164471651005	1	0.115959858952556	0.136910024794957	0.408162882687369	10569000	5
20220608 031138	binary	custom	TRUE	TRUE	FALSE	-100	442837	31	35	TRUE	0.106100930205107	0.897618499610366	5160	464	0.0208635881446147	0	0.136357852948519	0.126117795236253	0.305287432164833	12343000	6
20220608 031146	binary	custom	TRUE	TRUE	FALSE	-100	442837	31	21	TRUE	0.23094975138012	0.645339515044664	5088	662	0.0321208889102477	0	0.0382378276476326	0.0426879608175821	0.191961573482129	10615000	7
20220608 031218	binary	custom	TRUE	TRUE	FALSE	-100	442837	31	507	TRUE	0.0309240715987592	0.624667852185667	4382	498	0.0479665898858069	2	0.110678495593472	0.0970047800116138	0.144678820804175	8078000	8
20220608 031231	binary	custom	TRUE	TRUE	FALSE	-100	442837	31	90	TRUE	0.0750926780603671	0.704990441139995	5454	641	0.0194718320752145	-2	0.0864280257787969	0.0655995757319033	0.236554036001002	12496000	9
20220608 031247	binary	custom	TRUE	TRUE	FALSE	-100	442837	31	84	TRUE	0.0830717726056335	0.603718189884805	4566	743	0.0253393030162746	-2	0.199925773981441	0.114175876839242	0.454558654798247	11929000	10
20220608 031301	binary	custom	TRUE	TRUE	FALSE	-100	442837	31	50	TRUE	0.140506382085085	0.515756667850332	4455	686	0.0212478432804885	-2	0.0311294467033197	0.0746988479487805	0.206045249832742	12425000	11
20220608 031314	binary	custom	TRUE	TRUE	FALSE	-100	442837	31	55	TRUE	0.0723097356747086	0.778731170855463	4313	483	0.0242238950768499	-2	0.0422917515078249	0.189419069605517	0.0815040975770292	12093000	12
20220608 031325	binary	custom	TRUE	TRUE	FALSE	-100	442837	31	67	TRUE	0.127121005793257	0.753425976784072	5402	769	0.0495033066303154	-1	0.101842379451005	0.166501010236486	0.0596715155309842	7516000	13
20220608 031331	binary	custom	TRUE	TRUE	FALSE	-100	442837	31	68	TRUE	0.272601007764655	0.675936722501906	4738	443	0.0393745403021091	2	0.170069106871314	0.146271623063108	0.0957741714406034	9285000	14
20220608 031357	binary	custom	TRUE	TRUE	FALSE	-100	442837	31	83	TRUE	0.0354682511114515	0.479490354144946	4644	502	0.0175220392088738	0	0.0752792215479227	0.100430366862565	0.326116970264896	12968000	15
20220608 031409	binary	custom	TRUE	TRUE	FALSE	-100	442837	31	204	TRUE	0.133180571954387	0.955498993924509	4358	563	0.0267242260037434	2	0.164539122780682	0.139639749468511	0.354980296439155	12014000	16
20220608 031416	binary	custom	TRUE	TRUE	FALSE	-100	442837	31	25	TRUE	0.245379314469303	0.802973637574663	4929	422	0.0128508851561087	-1	0.0644286493874259	0.0187554058786999	0.154883638189252	13070000	17
20220608 031425	binary	custom	TRUE	TRUE	FALSE	-100	442837	31	19	TRUE	0.295831121186428	0.455387923276673	5310	699	0.0291578029603611	-1	0.067827931249566	0.174887005022417	0.0331018219165142	10503000	18
20220608 031447	binary	custom	TRUE	TRUE	FALSE	-100	442837	31	461	TRUE	0.0537272865591027	0.777361635263595	5216	614	0.0474468375027451	2	0.00753320729256504	0.0552494822341638	0.385757827141788	8233000	19
20220608 031505	binary	custom	TRUE	TRUE	FALSE	-100	442837	31	193	TRUE	0.201169701764852	0.31616940191533	4210	655	0.0398932782307384	1	0.183926374764026	0.170787862001453	0.282457555236761	9611000	20
20220608 031526	binary	custom	TRUE	TRUE	FALSE	-100	442837	31	507	TRUE	0.0422776609983218	0.983311896528014	4881	714	0.0135475295678286	1	0.129080194205097	0.0149126418672192	0.319222422274632	13118000	21
20220608 031609	binary	custom	TRUE	TRUE	FALSE	-100	442837	31	259	TRUE	0.0217242657525801	0.296750267574357	4492	523	0.0305631415069069	-1	0.193369653513138	0.0494781788658454	0.497707557948565	10959000	22
20220608 031628	binary	custom	TRUE	TRUE	FALSE	-100	442837	31	100	TRUE	0.0966600583878527	0.421857680483825	4273	575	0.044108279323781	0	0.0134355947013117	0.0378725460588208	0.0508072690055188	8652000	23
20220608 031636	binary	custom	TRUE	TRUE	FALSE	-100	442837	31	27	TRUE	0.172644826352997	0.961159881680376	4782	787	0.0183734166780293	0	0.0582884643938289	0.155099618661269	0.443312008709957	12632000	24
20220608 031646	binary	custom	TRUE	TRUE	FALSE	-100	442837	31	18	TRUE	0.287167290751887	0.558316618654256	4504	406	0.0302609259279928	-1	0.0990009922999889	0.157799568765848	0.108361514999868	10061000	25
20220608 031700	binary	custom	TRUE	TRUE	FALSE	-100	442837	31	51	TRUE	0.114339678711387	0.396112779439944	4072	753	0.0420658145029275	0	0.0035197439771663	0.183375955927962	0.255088016655969	8943000	26
20220608 031712	binary	custom	TRUE	TRUE	FALSE	-100	442837	31	60	TRUE	0.241892850081268	0.278815101645887	4683	790	0.0226808753109287	-2	0.140739745854969	0.0881397466964295	0.179886529859181	11375000	27
20220608 031721	binary	custom	TRUE	TRUE	FALSE	-100	442837	31	45	TRUE	0.265958425671173	0.426112578773043	5026	730	0.0448585966243021	1	0.0223366642137989	0.105960339364699	0.462346851909792	8429000	28
20220608 031811	binary	custom	TRUE	TRUE	FALSE	-100	442837	31	287	TRUE	0.0179762958401504	0.33521461777596	5467	631	0.0347982472597828	-1	0.0212554464634094	0.119845560899315	0.222048716189521	10544000	29
20220608 031832	binary	custom	TRUE	TRUE	FALSE	-100	442837	31	71	TRUE	0.0602760848137162	0.499090598715055	4119	420	0.0114922289323726	0	0.181911268001164	3.49379649075369e-05	0.119421177078038	13088000	30
20220608 031847	binary	custom	TRUE	TRUE	FALSE	-100	442837	31	140	TRUE	0.185160269595476	0.233526514092874	5185	610	0.0144791281152047	2	0.174969589138507	0.0111012819197236	0.39048574748449	12619000	31
20220608 031858	binary	custom	TRUE	TRUE	FALSE	-100	442837	31	74	TRUE	0.218507816380782	0.257759099324337	4022	704	0.00968520862246536	2	0.0504476279602386	0.0939919187920168	0.133756983326748	12001000	32
20220608 031906	binary	custom	TRUE	TRUE	FALSE	-100	442837	31	30	TRUE	0.255653312646512	0.364342931906382	4170	448	0.0455426521318495	2	0.148103402346735	0.0238603551690984	0.0175233268592921	8325000	33
20220608 031917	binary	custom	TRUE	TRUE	FALSE	-100	442837	31	60	TRUE	0.280663046150585	0.204116248567071	5267	579	0.0092472709210361	-2	0.0455254636122845	0.196540169637754	0.426377344249179	11252000	34
20220608 031933	binary	custom	TRUE	TRUE	FALSE	-100	442837	31	415	TRUE	0.116187681657611	0.857870292498006	5361	672	0.0156738047399105	1	0.157510197896045	0.181282812307796	0.00740467224063145	13327000	35
20220608 031942	binary	custom	TRUE	TRUE	FALSE	-100	442837	31	34	TRUE	0.148465385451046	0.873255002043313	4607	546	0.0409348555008398	-1	0.118474209179274	0.0602903568625657	0.36862224437775	8686000	36
20220608 031956	binary	custom	TRUE	TRUE	FALSE	-100	442837	31	253	TRUE	0.0852739185155518	0.832746255741896	4636	611	0.0147840947769788	1	0.138563163870866	0.0853126530321594	0.0961104104927918	12997000	37
20220608 032020	binary	custom	TRUE	TRUE	FALSE	-100	442837	31	635	TRUE	0.0540061917544668	0.760551515998514	4918	691	0.0167618618945571	1	0.178695554159183	0.175880390740855	0.333357604689097	13353000	38
20220608 032037	binary	custom	TRUE	TRUE	FALSE	-100	442837	31	86	TRUE	0.0549035465591399	0.640817522250964	4737	424	0.0125365873847792	0	0.0215559986672418	0.00425830838050406	0.211355515704961	13118000	39
20220608 032054	binary	custom	TRUE	TRUE	FALSE	-100	442837	31	162	TRUE	0.101568150285422	0.84932243768741	5281	705	0.016207286011123	2	0.159034022779791	0.127437748900672	0.264873828258629	13217000	40
20220608 032234	binary	custom	TRUE	TRUE	FALSE	-100	442837	31	3003	TRUE	0.0128693678984445	0.796240749663211	5081	706	0.0161063758155386	1	0.127904271610072	0.191121652966221	0.0736576952781946	13349000	41
20220608 032246	binary	custom	TRUE	TRUE	FALSE	-100	442837	31	41	TRUE	0.0756311852033095	0.964659220588079	5063	694	0.0149115286781765	0	0.143296252615247	0.180565045294498	0.145731139404804	13077000	42
20220608 032339	binary	custom	TRUE	TRUE	FALSE	-100	442837	31	713	TRUE	0.0430878127077774	0.596085083888237	4987	678	0.0179314758411451	1	0.172172239847054	0.17237854486402	0.025497558276603	13107000	43
20220608 032429	binary	custom	TRUE	TRUE	FALSE	-100	442837	31	1451	TRUE	0.0314082189795804	0.760677797923102	4786	673	0.0167188248886828	1	0.0973027265786229	0.175913999494791	0.442361514355103	13449000	44
20220608 032441	binary	custom	TRUE	TRUE	FALSE	-100	442837	31	234	TRUE	0.110932985627836	0.757773969285737	4309	463	0.0127663520200535	1	0.127170756567711	0.00825006027649745	0.47102366675396	13087000	45
20220608 032457	binary	custom	TRUE	TRUE	FALSE	-100	442837	31	342	TRUE	0.0759489283116607	0.718080798264389	5424	470	0.0124122211396382	1	0.111390577798886	0.0606135558269146	0.00137292495352322	12775000	46
20220608 032537	binary	custom	TRUE	TRUE	FALSE	-100	442837	31	1099	TRUE	0.02793909622062	0.741004432918671	4337	674	0.0169844934067542	1	0.0565998828023473	0.0202188398494342	0.456972901556376	13374000	47
20220608 032644	binary	custom	TRUE	TRUE	FALSE	-100	442837	31	1504	TRUE	0.0127519618991575	0.799222308796534	4303	681	0.0178578037705882	2	0.104643828585587	0.197689590710541	0.409340182860842	13105000	48
20220608 032714	binary	custom	TRUE	TRUE	FALSE	-100	442837	31	821	TRUE	0.0462896585215272	0.723343149967856	4970	677	0.0165054474753324	1	0.062431239147907	0.068208007869852	0.405365223459479	13519000	49
20220608 032728	binary	custom	TRUE	TRUE	FALSE	-100	442837	31	291	TRUE	0.114038845027076	0.761161569813348	4986	663	0.0169164056085899	1	0.00797656245698317	0.186566196696307	0.293815277260752	13565000	50
20220608 032742	binary	custom	TRUE	TRUE	FALSE	-100	442837	31	275	TRUE	0.11214785223812	0.755851347376463	5337	673	0.0164525863530699	1	0.0531322120220063	0.18807762668098	0.298716786100238	13530000	51
20220608 032752	binary	custom	TRUE	TRUE	FALSE	-100	442837	31	125	TRUE	0.111157831565292	0.78579829943341	5115	664	0.0165052615380283	2	0.0164262524420208	0.188684206478729	0.410124347008071	13467000	52
20220608 032821	binary	custom	TRUE	TRUE	FALSE	-100	442837	31	775	TRUE	0.0546497730140492	0.681350640452975	4832	685	0.0159580892335789	1	0.000372887209957616	0.111616598779707	0.389432112391681	13369000	53
20220608 032835	binary	custom	TRUE	TRUE	FALSE	-100	442837	31	288	TRUE	0.110158215079751	0.792116818215375	5133	582	0.0168243019159213	1	0.0344422151535244	0.198056280965667	0.141839012895828	13605000	54
20220608 032846	binary	custom	TRUE	TRUE	FALSE	-100	442837	31	228	TRUE	0.191809206417421	0.699976509091012	4819	579	0.0166474696991617	1	0.0228869990051215	0.00553744752140344	0.282364165433576	13469000	55
20220608 032903	binary	custom	TRUE	TRUE	FALSE	-100	442837	31	393	TRUE	0.0898865497214028	0.866791741333251	5088	627	0.0172051529932432	1	0.0353370336708305	0.191268393566304	0.294131641231942	13380000	56
20220608 032914	binary	custom	TRUE	TRUE	FALSE	-100	442837	31	206	TRUE	0.159201503044977	0.695317275432475	4950	571	0.0163946151335239	1	0.0250549319765984	0.196690458530914	0.0547683537149332	13372000	57
20220608 032925	binary	custom	TRUE	TRUE	FALSE	-100	442837	31	197	TRUE	0.123104797703958	0.746873740926932	5126	672	0.0165186817482636	1	0.0218111491430822	0.00257620323402031	0.150393606416318	13631000	58
20220608 032937	binary	custom	TRUE	TRUE	FALSE	-100	442837	31	233	TRUE	0.140162827850132	0.742957023229613	4993	671	0.0163746159204889	1	0.0560736973771012	0.00415394414966063	0.233911493459017	13505000	59
20220608 032948	binary	custom	TRUE	TRUE	FALSE	-100	442837	31	182	TRUE	0.0842961036098376	0.740362061223962	5187	654	0.0168281322653809	1	0.000255481754505072	0.0181284217377703	0.18536454996395	12996000	60
20220608 033001	binary	custom	TRUE	TRUE	FALSE	-100	442837	31	273	TRUE	0.126774713020869	0.773093287961785	5087	706	0.0162723465767793	1	0.0299392539222599	0.0678172807467105	0.0437070572825808	13619000	61
20220608 033013	binary	custom	TRUE	TRUE	FALSE	-100	442837	31	34	TRUE	0.130364553474381	0.607824826872806	4721	527	0.0135148800145022	0	0.0254375816169357	0.0138866899981821	0.0976731887278111	13119000	62
20220608 033021	binary	custom	TRUE	TRUE	FALSE	-100	442837	31	84	TRUE	0.203120056821925	0.923789396726136	5181	551	0.0158039954454534	2	0.0159335618391785	0.000801627174631588	0.118106080732643	13542000	63
20220608 033031	binary	custom	TRUE	TRUE	FALSE	-100	442837	31	162	TRUE	0.202634557402074	0.682107741975444	5214	676	0.0166187696302744	1	0.0164757213836263	0.0114659337607427	0.131689260087607	13338000	64
20220608 033043	binary	custom	TRUE	TRUE	FALSE	-100	442837	31	235	TRUE	0.129810232057647	0.887080883189981	5159	584	0.0163793813839959	1	0.0251677513684334	0.149990744250833	0.140004727653409	13486000	65
20220608 033102	binary	custom	TRUE	TRUE	FALSE	-100	442837	31	200	TRUE	0.122761888566999	0.737547103925737	4922	709	0.0166856809009005	2	0.0243783519821189	0.00253966457301578	0.172225394921561	13375000	66
20220608 033112	binary	custom	TRUE	TRUE	FALSE	-100	442837	31	167	TRUE	0.192779386636972	0.777858838973276	5185	426	0.015348216586608	1	0.0204087567092911	0.000773396544942676	0.131923579342519	13480000	67
20220608 033541	binary	custom	TRUE	TRUE	FALSE	-100	442837	31	3189	TRUE	0.0104350087532273	0.489401403665597	4991	746	0.0157970434973607	1	0.15398540099135	0.0733371080013779	0.484953219766299	13249000	68
20220608 033548	binary	custom	TRUE	TRUE	FALSE	-100	442837	31	53	TRUE	0.202029240086804	0.850510914709396	4527	407	0.012081289679653	2	0.0441021578648247	0.000257702626889678	0.135350590895505	13464000	69
20220608 033555	binary	custom	TRUE	TRUE	FALSE	-100	442837	31	44	TRUE	0.213611479233697	0.787484840924924	5095	445	0.0116400606687697	2	0.0385664884906101	0.000102969391842248	0.269292772649841	13590000	70
20220608 033606	binary	custom	TRUE	TRUE	FALSE	-100	442837	31	209	TRUE	0.202643141439639	0.857451954131963	5114	458	0.0104460615344884	1	0.0219141416269161	2.30176350491691e-05	0.0981112564270519	12517000	71
20220608 033614	binary	custom	TRUE	TRUE	FALSE	-100	442837	31	59	TRUE	0.225519624817378	0.676727006477264	4789	411	0.0141902135691309	2	0.0761208676449068	0.0207814273252838	0.307413979249099	13150000	72
20220608 033628	binary	custom	TRUE	TRUE	FALSE	-100	442837	31	56	TRUE	0.0628141374938939	0.72565579911827	4991	691	0.015857644127335	0	0.0299077895098767	0.173314399936152	0.17808327774249	13320000	73
20220608 033640	binary	custom	TRUE	TRUE	FALSE	-100	442837	31	241	TRUE	0.12166198833164	0.723258756974926	4750	683	0.0160141800250533	1	0.0486903251397397	0.0656490752921868	0.427653701488669	13351000	74
20220608 033647	binary	custom	TRUE	TRUE	FALSE	-100	442837	31	62	TRUE	0.204737413011692	0.742140455023561	5008	479	0.0131022989963814	2	0.0189359509507006	0.00319247544640409	0.171572764369356	14066000	75
20220608 033801	binary	custom	TRUE	TRUE	FALSE	-100	442837	31	881	TRUE	0.0187402792982182	0.58519444747132	4130	477	0.0124684204254516	2	0.0538354312429988	0.150879016513613	0.259839077453087	13353000	76
20220608 033808	binary	custom	TRUE	TRUE	FALSE	-100	442837	31	55	TRUE	0.264319977102278	0.788116678225319	4353	493	0.0129562220410146	2	0.00729341959248955	0.0304549288699361	0.179204978086355	12919000	77
20220608 033824	binary	custom	TRUE	TRUE	FALSE	-100	442837	31	84	TRUE	0.129103936662941	0.500640230321608	4835	446	0.0129481889361972	2	0.0270098650522728	0.190978716161141	0.266753994940775	13225000	78
20220608 034126	binary	custom	TRUE	TRUE	FALSE	-100	442837	31	1936	TRUE	0.0100284065877765	0.480289872949447	4865	584	0.0124757770302789	2	0.0725571945233166	0.0805697774256864	0.484358277834419	13292000	79
20220608 034230	binary	custom	TRUE	TRUE	FALSE	-100	442837	31	415	TRUE	0.0104115405551234	0.742471594472858	4199	434	0.0129562906241556	-2	0.172405929213481	0.0725178229953365	0.406765708842411	13043000	80
20220608 034543	binary	custom	TRUE	TRUE	FALSE	-100	442837	31	2264	TRUE	0.0105424155050932	0.471679824034092	4040	694	0.0123593256144288	1	0.164752714932912	0.10103207305204	0.103415696212988	12906000	81
20220608 034550	binary	custom	TRUE	TRUE	FALSE	-100	442837	31	44	TRUE	0.189846039795032	0.708693196361779	5171	478	0.0129904382078424	2	0.131544741688486	0.00537436767801431	0.197717590159328	13604000	82
20220608 034737	binary	custom	TRUE	TRUE	FALSE	-100	442837	31	1193	TRUE	0.0136702684561362	0.323203422430198	4484	421	0.0127951576474292	2	0.15803084481983	0.0553495991152109	0.368395518723891	13679000	83
20220608 034817	binary	custom	TRUE	TRUE	FALSE	-100	442837	31	456	TRUE	0.0391456428282939	0.204816239246255	4023	488	0.0130700460297449	2	0.123148386116496	0.0520137344741456	0.415879997080948	13650000	84
20220608 035036	binary	custom	TRUE	TRUE	FALSE	-100	442837	31	1436	TRUE	0.0109423816850674	0.544214295165162	4228	473	0.0139211435392304	2	0.184029765974554	0.0677950135031245	0.202655476638884	13490000	85
20220608 035113	binary	custom	TRUE	TRUE	FALSE	-100	442837	31	286	TRUE	0.0389050668613842	0.504187709147429	4000	400	0.0130302423141459	2	0.126654959615136	0.0584243126101125	0.311970817453762	13634000	86
20220608 035120	binary	custom	TRUE	TRUE	FALSE	-100	442837	31	44	TRUE	0.198651500566096	0.782777474786712	5301	506	0.013148015471598	2	0.0103830274066667	0.178857922283702	0.434225715684619	13464000	87
20220608 035325	binary	custom	TRUE	TRUE	FALSE	-100	442837	31	1424	TRUE	0.010377259592006	0.287329367830432	4024	670	0.0147971380335288	2	0.0524440660650012	0.0527728377816105	0.423229854328928	13608000	88
20220608 035343	binary	custom	TRUE	TRUE	FALSE	-100	442837	31	183	TRUE	0.121537539353457	0.929250223022646	5244	673	0.0224920675512943	2	0.0406746410771455	0.199968812018021	0.270637878721765	12099000	89
20220608 035417	binary	custom	TRUE	TRUE	FALSE	-100	442837	31	413	TRUE	0.113941047302864	0.354726751032279	4055	689	0.0168335250916471	1	0.0436716469411404	0.179187987829447	0.103542547817328	13452000	90
20220608 035457	binary	custom	TRUE	TRUE	FALSE	-100	442837	31	457	TRUE	0.0460012722171938	0.228739993854316	4320	587	0.0158623171031577	2	0.0475945986860324	0.185347773204264	0.391060582761249	13540000	91
20220608 035515	binary	custom	TRUE	TRUE	FALSE	-100	442837	31	162	TRUE	0.120470455604389	0.30402590099305	5134	679	0.0165158101166983	1	0.0585825748676567	0.0680437144264404	0.0508817560452743	12953000	92
20220608 035523	binary	custom	TRUE	TRUE	FALSE	-100	442837	31	59	TRUE	0.191522078849553	0.810494972275317	5233	587	0.0131836598236682	2	0.00108697563992295	0.0063903781093306	0.272533395228941	13684000	93
20220608 035540	binary	custom	TRUE	TRUE	FALSE	-100	442837	31	131	TRUE	0.110810473151647	0.563624860579652	4037	535	0.0167921419417575	2	0.0367214175644921	0.19448936585947	0.392169573390049	13206000	94
20220608 035624	binary	custom	TRUE	TRUE	FALSE	-100	442837	31	1199	TRUE	0.0299670109440892	0.75725352983068	4018	766	0.0162694059980338	1	0.0446223649882493	0.0922887197394386	0.0924523118191428	13645000	95
20220608 035635	binary	custom	TRUE	TRUE	FALSE	-100	442837	31	41	TRUE	0.118431249879125	0.885007976247387	5094	796	0.0164959384283945	-2	0.0601110068469978	0.073419744888824	0.0631136252065567	12764000	96
20220608 035654	binary	custom	TRUE	TRUE	FALSE	-100	442837	31	181	TRUE	0.19827298817669	0.401276519500871	5449	466	0.0130459874161534	1	0.00675391844320457	0.000895893456221108	0.441168329475672	12600000	97
20220608 035725	binary	custom	TRUE	TRUE	FALSE	-100	442837	31	311	TRUE	0.0339005641423191	0.591981987938623	4305	796	0.0145571872774951	2	0.0475331440937171	0.134614509060545	0.37190920234179	13384000	98
20220608 035850	binary	custom	TRUE	TRUE	FALSE	-100	442837	31	1164	TRUE	0.0337545079342062	0.288678579617063	4002	785	0.0166042687833183	1	0.0406897204800384	0.0531862430623926	0.432650106496457	13337000	99
20220608 035908	binary	custom	TRUE	TRUE	FALSE	-100	442837	31	231	TRUE	0.0329836339531185	0.783775491274673	4999	438	0.0131083903666871	2	0.185720439819074	0.00201196083715755	0.393834727389698	13138000	100
20220608 035928	binary	custom	TRUE	TRUE	FALSE	-100	442837	31	309	TRUE	0.0374053771127568	0.680488795210873	4002	678	0.0161076674912106	2	0.0321731712575271	0.13700388061882	0.000985594382047074	13757000	101
20220608 040045	binary	custom	TRUE	TRUE	FALSE	-100	442837	31	775	TRUE	0.0174880157765658	0.344500497789086	4011	417	0.0152443573525738	2	0.0803911017400421	0.174604727235473	0.0138752527754504	13637000	102
20220608 040204	binary	custom	TRUE	TRUE	FALSE	-100	442837	31	1029	TRUE	0.0272449017013219	0.309240939066952	4032	422	0.0140665692362025	1	0.184696524521601	0.192317420037429	0.40615658837348	13067000	103
20220608 040308	binary	custom	TRUE	TRUE	FALSE	-100	442837	31	446	TRUE	0.0103391035474134	0.682325389118434	4000	413	0.0157396104126533	-1	0.0682612632359917	0.0153816633558992	0.0324296571018113	13153000	104
20220608 040443	binary	custom	TRUE	TRUE	FALSE	-100	442837	31	1050	TRUE	0.0115471423091362	0.228995354772452	4018	579	0.015896099752101	2	0.0957353314421873	0.0609968022318136	0.0950587678999771	13609000	105
20220608 040610	binary	custom	TRUE	TRUE	FALSE	-100	442837	31	686	TRUE	0.0147829359625138	0.504730983855709	4045	712	0.0152971092645385	2	0.0444305676118741	0.0359858899215239	0.0139491231345165	13451000	106
20220608 040618	binary	custom	TRUE	TRUE	FALSE	-100	442837	31	64	TRUE	0.179955267897711	0.792294560236877	4483	471	0.0133955196822325	2	0.00428356743332913	0.0250645322605285	0.215003488681967	13494000	107
20220608 040633	binary	custom	TRUE	TRUE	FALSE	-100	442837	31	310	TRUE	0.121117347908216	0.788081498764888	4030	646	0.018253995448548	1	0.0406904566984837	0.0918282662969544	0.00672762593998974	13813000	108
20220608 040716	binary	custom	TRUE	TRUE	FALSE	-100	442837	31	1187	TRUE	0.0439124519121622	0.687932159631407	4006	687	0.01950894463985	1	0.0546830509963446	0.097165900334334	0.0242834560450725	13378000	109
20220608 040813	binary	custom	TRUE	TRUE	FALSE	-100	442837	31	773	TRUE	0.0400606691364684	0.229373292370718	4145	406	0.0134242424456041	1	0.123543360116516	0.00296457757244972	0.0486676916457357	12989000	110
20220608 041013	binary	custom	TRUE	TRUE	FALSE	-100	442837	31	1346	TRUE	0.0111339412614353	0.310750802650486	4018	443	0.0157808275499675	2	0.0983917201508665	0.0828948466143908	0.242884987893028	13516000	111
20220608 041200	binary	custom	TRUE	TRUE	FALSE	-100	442837	31	888	TRUE	0.0101522241579065	0.51134592255496	4064	412	0.0110846525744699	2	0.127397371541977	0.0521777138806837	0.406459194892322	13124000	112
20220608 041212	binary	custom	TRUE	TRUE	FALSE	-100	442837	31	41	TRUE	0.111562673104145	0.7537599162058	4009	597	0.0184048988098057	-1	0.149556670109083	0.152485736093014	0.0143907458078832	13027000	113
20220608 041222	binary	custom	TRUE	TRUE	FALSE	-100	442837	31	124	TRUE	0.114300753300458	0.724909907427789	4378	450	0.0174505835919392	2	0.0411074423058134	0.0810893491493393	0.0047333628220078	12922000	114
20220608 041233	binary	custom	TRUE	TRUE	FALSE	-100	442837	31	39	TRUE	0.167954589542494	0.669693952045372	4000	669	0.0171026961237118	0	0.035967865041679	0.00756316706346036	0.0491608864042486	12696000	115
20220608 041241	binary	custom	TRUE	TRUE	FALSE	-100	442837	31	42	TRUE	0.209222769314612	0.752879095092874	5074	535	0.0130134945588309	2	0.04624066365338	0.0985807896323606	0.0858838534840127	13736000	116
20220608 041249	binary	custom	TRUE	TRUE	FALSE	-100	442837	31	83	TRUE	0.201356599516357	0.769681019090364	5080	603	0.0186773624915289	2	0.0288802826811995	0.139149493971474	0.145105849176103	12736000	117
20220608 041314	binary	custom	TRUE	TRUE	FALSE	-100	442837	31	668	TRUE	0.0737562179106228	0.989792164819	4140	730	0.0179470762561434	1	0.0588858726960547	0.13996287815156	0.00263342263815794	13744000	118
20220608 041458	binary	custom	TRUE	TRUE	FALSE	-100	442837	31	3191	TRUE	0.0155459160113087	0.839693804566323	4000	573	0.0166655785524036	1	0.0542910898416188	0.131873170890628	0.0154060009123642	13640000	119
20220608 041536	binary	custom	TRUE	TRUE	FALSE	-100	442837	31	894	TRUE	0.0501919257213861	0.984681989487716	4001	686	0.0165172855713752	1	0.0662518774403667	0.134198297258011	0.1353081040133	13728000	120
20220608 041617	binary	custom	TRUE	TRUE	FALSE	-100	442837	31	485	TRUE	0.0396919898445309	0.205103262916002	4983	692	0.0133114114849612	2	0.0978160315327346	0.188957552885092	0.377546644957643	13411000	121
20220608 041625	binary	custom	TRUE	TRUE	FALSE	-100	442837	31	61	TRUE	0.221351646301669	0.748527085375145	5110	652	0.0130849580804951	2	0.0195523648895045	0.00934109395648676	0.196382529770354	13579000	122
20220608 041638	binary	custom	TRUE	TRUE	FALSE	-100	442837	31	251	TRUE	0.109176485686613	0.993984680276342	4187	679	0.0184387600295868	1	0.0185176005141272	0.130634861269574	0.110727588498057	13472000	123
20220608 041858	binary	custom	TRUE	TRUE	FALSE	-100	442837	31	1688	TRUE	0.0100202174593463	0.277163232924413	4766	521	0.0142476955469691	2	0.0722401562992417	0.127669005481834	0.321097614296656	13539000	124
20220608 041933	binary	custom	TRUE	TRUE	FALSE	-100	442837	31	140	TRUE	0.0294364564834447	0.431061639933749	4004	600	0.0151177567312134	0	0.074334699644999	0.0897429286035418	0.399953514847713	13342000	125
20220608 042008	binary	custom	TRUE	TRUE	FALSE	-100	442837	31	360	TRUE	0.0497749863118939	0.287032254793439	4084	728	0.0127189664657399	2	0.0530307716920092	0.0498780040552037	0.431148837600102	13345000	126
20220608 042102	binary	custom	TRUE	TRUE	FALSE	-100	442837	31	399	TRUE	0.028851538472856	0.342373153310933	4315	555	0.0129350704125132	2	0.144709403916976	0.0171203440515695	0.36380616584233	13180000	127
20220608 042110	binary	custom	TRUE	TRUE	FALSE	-100	442837	31	56	TRUE	0.195005174806671	0.683154366705475	5151	786	0.0123810410784272	2	0.088420156237175	0.13608520586801	0.409512684358781	13537000	128
20220608 042120	binary	custom	TRUE	TRUE	FALSE	-100	442837	31	165	TRUE	0.119584292063692	0.809896082189258	5035	754	0.012573808967887	1	0.0632170002754321	0.187247820946845	0.3707169172305	12714000	129
20220608 042128	binary	custom	TRUE	TRUE	FALSE	-100	442837	31	53	TRUE	0.2329424850135	0.774856524238231	5254	761	0.0136737735545595	2	0.149637982061069	0.19894051359898	0.474081049979125	13302000	130
20220608 042138	binary	custom	TRUE	TRUE	FALSE	-100	442837	31	147	TRUE	0.210297074498462	0.755523194290722	5336	794	0.0129776300591268	1	0.166046054670946	0.000235925997230677	0.356219858747259	13181000	131
20220608 042211	binary	custom	TRUE	TRUE	FALSE	-100	442837	31	874	TRUE	0.0505548860396872	0.800100281607942	4044	687	0.0172154196623176	1	0.0719814904682929	0.0856490697638169	2.84000230332973e-05	13816000	132
20220608 042230	binary	custom	TRUE	TRUE	FALSE	-100	442837	31	349	TRUE	0.0598502080966396	0.829941743600635	4016	737	0.0167480408362783	2	0.0745973547882855	0.135457135038052	0.00333855581227859	13325000	133
20220608 042243	binary	custom	TRUE	TRUE	FALSE	-100	442837	31	60	TRUE	0.108046754745935	0.791963662019686	4968	403	0.0153508466950231	-2	0.0602540936606687	0.182072340661562	0.0210805050877495	12962000	134
20220608 042315	binary	custom	TRUE	TRUE	FALSE	-100	442837	31	202	TRUE	0.0204608290224735	0.737995324966492	4228	722	0.0173736038329422	-2	0.0468990905897006	0.158124045657318	0.420346873127749	13201000	135
20220608 042411	binary	custom	TRUE	TRUE	FALSE	-100	442837	31	420	TRUE	0.0123354429985721	0.916771413654954	4365	705	0.0176715805949304	0	0.0359120819198326	0.0882659779157926	0.0162290711676072	12836000	136
20220608 042424	binary	custom	TRUE	TRUE	FALSE	-100	442837	31	43	TRUE	0.110456326005073	0.839290027346277	4062	468	0.0158198920993977	-2	0.0508241009969849	0.0309354397256299	0.306067930655146	13245000	137
20220608 042441	binary	custom	TRUE	TRUE	FALSE	-100	442837	31	76	TRUE	0.0523281187788246	0.676451229586073	4006	514	0.0152914457300977	-1	0.0317477432990343	0.175922073720279	0.0535058808387519	13124000	138
20220608 042455	binary	custom	TRUE	TRUE	FALSE	-100	442837	31	76	TRUE	0.116382327565029	0.950232646029763	4979	441	0.0146491778210171	-1	0.180717515635668	0.000877831857451866	0.13705834927751	12789000	139
20220608 042505	binary	custom	TRUE	TRUE	FALSE	-100	442837	31	17	TRUE	0.205536533557624	0.684198691434378	5136	499	0.0169708663656906	-2	0.00588596352042987	0.0501713177481334	0.372374727535215	12765000	140
20220608 042518	binary	custom	TRUE	TRUE	FALSE	-100	442837	31	66	TRUE	0.206799964583654	0.665537350430769	5038	661	0.0121403394984107	2	0.167865529140167	0.107401204486486	0.491035521901946	13848000	141
20220608 042528	binary	custom	TRUE	TRUE	FALSE	-100	442837	31	77	TRUE	0.219555179637066	0.807536217899734	5477	697	0.0118799946453522	2	0.164362590446943	0.126341500380365	0.49621579470064	13315000	142
20220608 042537	binary	custom	TRUE	TRUE	FALSE	-100	442837	31	75	TRUE	0.207298638921621	0.677647642749618	4156	668	0.0126357106782889	2	0.186566433479696	0.143568654946697	0.472745100462929	13890000	143
20220608 042546	binary	custom	TRUE	TRUE	FALSE	-100	442837	31	62	TRUE	0.204581489605099	0.687079919709369	4623	616	0.0127567240399396	2	0.153029716370209	0.163801163246349	0.49266950861518	13429000	144
20220608 042602	binary	custom	TRUE	TRUE	FALSE	-100	442837	31	89	TRUE	0.208553544460248	0.51496311609551	4174	764	0.0122696121612252	2	0.196702612599784	0.124082183635759	0.477158935506969	13414000	145
20220608 042610	binary	custom	TRUE	TRUE	FALSE	-100	442837	31	67	TRUE	0.201671202159829	0.874526271098652	4032	673	0.0125227952826916	2	0.194694010472276	0.0220430531159098	0.469708554612862	13604000	146
20220608 042629	binary	custom	TRUE	TRUE	FALSE	-100	442837	31	77	TRUE	0.0471300830326274	0.672742102904523	4150	704	0.0155819440569278	-2	0.199225496984653	0.0560336950261858	0.409375575330612	13313000	147
20220608 042645	binary	custom	TRUE	TRUE	FALSE	-100	442837	31	32	TRUE	0.0973267373639441	0.440165351438125	4187	403	0.0126642628838861	-2	0.1067869636986	0.00532935234480869	0.26931016806715	13401000	148
20220608 042652	binary	custom	TRUE	TRUE	FALSE	-100	442837	31	45	TRUE	0.203710403492423	0.701227984565661	4681	686	0.0128345983010588	2	0.167085612904257	0.101618125109098	0.338627990533197	13565000	149
20220608 042712	binary	custom	TRUE	TRUE	FALSE	-100	442837	31	92	TRUE	0.0380084402829917	0.708091953641109	5007	721	0.0134554524237279	-2	0.076033846639895	0.00220438929595057	0.459970650472432	13320000	150
20220608 042749	binary	custom	TRUE	TRUE	FALSE	-100	442837	31	223	TRUE	0.0407872737818021	0.430626694880131	4950	445	0.0143628784423328	-2	0.0572209690532886	0.0898127536520943	0.49642973389855	13159000	151
20220608 042928	binary	custom	TRUE	TRUE	FALSE	-100	442837	31	969	TRUE	0.0147262929024893	0.447298160424126	5173	400	0.0135117111872812	2	0.0826801025833496	0.151459902628745	0.407399499523466	13313000	152
20220608 042945	binary	custom	TRUE	TRUE	FALSE	-100	442837	31	69	TRUE	0.0508536789370214	0.725246664316582	4121	536	0.012852904295286	-2	0.0702260133622075	0.01219465815293	0.00348754008593739	13239000	153
20220608 042957	binary	custom	TRUE	TRUE	FALSE	-100	442837	31	64	TRUE	0.214990161518997	0.608035304262227	4005	650	0.0122767253463179	2	0.190606100608955	0.0955495149179804	0.499501160689349	13872000	154
20220608 043007	binary	custom	TRUE	TRUE	FALSE	-100	442837	31	56	TRUE	0.139526861747049	0.618072134302812	4006	668	0.0125993859481878	2	0.189906966593765	0.108524768857373	0.498347857422254	13644000	155
20220608 043030	binary	custom	TRUE	TRUE	FALSE	-100	442837	31	104	TRUE	0.0502455324719608	0.200098504027708	4010	595	0.0165366255101493	-2	0.0716165279555336	0.144131655125934	0.407609971041138	12930000	156
20220608 043101	binary	custom	TRUE	TRUE	FALSE	-100	442837	31	310	TRUE	0.0636234160335561	0.265850941234667	4349	406	0.0122857884919175	2	0.195506523729532	0.143173754435015	0.199267770902404	13296000	157
20220608 043111	binary	custom	TRUE	TRUE	FALSE	-100	442837	31	14	TRUE	0.200434655516192	0.803205458431154	4101	638	0.0123341020172818	-2	0.194403531303114	0.0657384769015508	0.471864900357618	12559000	158
20220608 043120	binary	custom	TRUE	TRUE	FALSE	-100	442837	31	62	TRUE	0.22089306811814	0.638821485667066	4010	675	0.0133172195915691	2	0.152589648282781	0.0952911423302132	0.49034147420871	13636000	159
20220608 043141	binary	custom	TRUE	TRUE	FALSE	-100	442837	31	94	TRUE	0.040553849439351	0.688240445604039	4191	800	0.0150721271348908	-1	0.111332510334083	0.0513115001073938	0.462920872468269	13234000	160
20220608 043157	binary	custom	TRUE	TRUE	FALSE	-100	442837	31	303	TRUE	0.120125281745062	0.954763409437144	5117	800	0.017843655597729	1	0.182321909931876	0.000509212208892152	0.0150058128966293	13410000	161
20220608 043209	binary	custom	TRUE	TRUE	FALSE	-100	442837	31	36	TRUE	0.126441120329173	0.791359515096035	4028	400	0.012521081857299	-2	0.043646844411427	0.0267527119237646	0.0492869024537379	13064000	162
20220608 043222	binary	custom	TRUE	TRUE	FALSE	-100	442837	31	201	TRUE	0.108919005572402	0.961691043948217	5160	800	0.0171174962568632	1	0.0722870682197381	0.126660149955986	0.136165610134668	13363000	163
20220608 043238	binary	custom	TRUE	TRUE	FALSE	-100	442837	31	311	TRUE	0.148719497414649	0.703812566189365	4000	692	0.0179678089853988	1	0.197016623653455	0.117701208010644	0.478375809907388	13599000	164
20220608 043249	binary	custom	TRUE	TRUE	FALSE	-100	442837	31	141	TRUE	0.128292534643766	0.72190493210657	4020	755	0.0211868965961512	1	0.180571241156026	0.0881197087817791	0.417607453867522	12735000	165
20220608 043258	binary	custom	TRUE	TRUE	FALSE	-100	442837	31	57	TRUE	0.199159183112835	0.736701722106451	4073	659	0.016132347446282	2	0.199985032521718	0.0828221741160305	0.490876689247476	13633000	166
20220608 043350	binary	custom	TRUE	TRUE	FALSE	-100	442837	31	299	TRUE	0.0209247105261232	0.381440337822117	5211	800	0.0140277367808287	-2	0.180568451686827	0.147164788012992	0.197967203876784	13367000	167
20220608 043514	binary	custom	TRUE	TRUE	FALSE	-100	442837	31	577	TRUE	0.0118918752427953	0.275100958998805	4195	777	0.0133983645205449	-2	0.0877582443560544	0.0657111829160186	0.317435434694018	13165000	168
20220608 043609	binary	custom	TRUE	TRUE	FALSE	-100	442837	31	178	TRUE	0.018022997873709	0.497105079341547	5105	691	0.014149616150042	-2	0.07366722881975	0.199740676744526	0.0242302072259773	13151000	169
20220608 043725	binary	custom	TRUE	TRUE	FALSE	-100	442837	31	384	TRUE	0.0135543734855405	0.530273645436829	5161	800	0.0131607993209648	-2	0.129788706928547	0.000909812615778111	0.00430553279015971	13165000	170
20220608 043831	binary	custom	TRUE	TRUE	FALSE	-100	442837	31	571	TRUE	0.0109746547503088	0.860259354960732	5300	800	0.0152216911262462	-2	0.172681589196862	0.0792441893225772	0.390635822422433	12964000	171
20220608 043900	binary	custom	TRUE	TRUE	FALSE	-100	442837	31	98	TRUE	0.0383664387232262	0.470534758614014	4926	749	0.0105632593090301	-2	0.199700031994266	0.0444115166218562	0.335341196815513	12615000	172
20220608 043947	binary	custom	TRUE	TRUE	FALSE	-100	442837	31	195	TRUE	0.0170332526465369	0.337326272147533	4803	449	0.0128570145622843	-2	0.187759403742223	0.00821041427958161	0.149233848152624	13023000	173
20220608 044110	binary	custom	TRUE	TRUE	FALSE	-100	442837	31	899	TRUE	0.0265642326854376	0.422301030440521	5271	799	0.0136930287999122	2	0.0941387617956827	0.0902420023300455	0.115476106399907	13641000	174
20220608 044120	binary	custom	TRUE	TRUE	FALSE	-100	442837	31	82	TRUE	0.162169787041681	0.681543979706569	5236	797	0.0135471830209065	2	0.196957382616063	0.0887587545210771	0.42979644454743	13574000	175
20220608 044154	binary	custom	TRUE	TRUE	FALSE	-100	442837	31	790	TRUE	0.0376200965759672	0.656275468259817	5186	791	0.0143818837947649	1	0.0707447587872782	0.0503900053205807	0.172977718322315	13165000	176
20220608 044242	binary	custom	TRUE	TRUE	FALSE	-100	442837	31	986	TRUE	0.0192023080128873	0.689510130191401	5125	701	0.0133945481331518	2	0.0872701661832302	0.0927346165328936	0.0367949121715999	13184000	177
20220608 044258	binary	custom	TRUE	TRUE	FALSE	-100	442837	31	306	TRUE	0.246467165362335	0.946294173510754	4065	606	0.017846081064301	1	0.199814664383222	0.127972432433791	0.458713894755757	13734000	178
20220608 044310	binary	custom	TRUE	TRUE	FALSE	-100	442837	31	155	TRUE	0.29638753945714	0.714105807029097	4076	636	0.0165369545238601	1	0.199446099475925	0.16344341173947	0.499645329800474	13526000	179
20220608 044320	binary	custom	TRUE	TRUE	FALSE	-100	442837	31	60	TRUE	0.236716144491436	0.775179791464241	4033	515	0.0128788925681375	2	0.199239082437326	0.132882420620432	0.437485465286322	13193000	180
20220608 044336	binary	custom	TRUE	TRUE	FALSE	-100	442837	31	341	TRUE	0.23142844107412	0.950150360377286	4007	671	0.0177346231778849	1	0.199804663937894	0.0557200558334661	0.373878389865868	13737000	181
20220608 044355	binary	custom	TRUE	TRUE	FALSE	-100	442837	31	391	TRUE	0.213757623361417	0.889981611210065	4000	667	0.0171002316061219	1	0.197575955189228	0.186833229759794	0.403491885725688	13938000	182
20220608 044415	binary	custom	TRUE	TRUE	FALSE	-100	442837	31	458	TRUE	0.125440381598626	0.991654661394765	4004	682	0.0174968624457921	1	0.174493862953311	0.146407827358927	0.450899381626354	13655000	183
20220608 044430	binary	custom	TRUE	TRUE	FALSE	-100	442837	31	270	TRUE	0.232688688119683	0.799769851874188	4002	662	0.0183123404444183	1	0.143484818726596	0.197668923850578	0.425349722305541	13610000	184
20220608 044445	binary	custom	TRUE	TRUE	FALSE	-100	442837	31	230	TRUE	0.216657484323588	0.775141583635498	4000	661	0.0153612371384874	1	0.199143522968323	0.147704632337474	0.447258208572271	13569000	185
20220608 044456	binary	custom	TRUE	TRUE	FALSE	-100	442837	31	21	TRUE	0.273008200661926	0.853896890692827	5036	659	0.0175686776049818	-1	0.198945048482001	0.192726458201614	0.414232956150599	12427000	186
20220608 215629	binary	custom	TRUE	TRUE	FALSE	-100	442837	31	25	TRUE	0.245511904441066	0.769602615603556	4575	566	0.0171158680672039	-3	0.134616252675769	0.156961340210161	0.188340418045926	12263000	187
20220608 215645	binary	custom	TRUE	TRUE	FALSE	-100	442837	31	81	TRUE	0.0567491374509538	0.711326294482893	5021	558	0.0152878183298486	0	0.0765288187384269	0.129583221269791	0.330945665009009	12920000	188
20220608 215655	binary	custom	TRUE	TRUE	FALSE	-100	442837	31	159	TRUE	0.0957822784361714	0.790475968080055	4422	642	0.0164189579513428	2	0.0728748744874934	0.0822252888766298	0.40323777483621	13437000	189
20220608 215706	binary	custom	TRUE	TRUE	FALSE	-100	442837	31	49	TRUE	0.0889713577357017	0.862035985490204	5808	588	0.0138366177163455	-1	0.114704698098228	0.0533863006324003	0.250903567200941	12903000	190
20220608 215713	binary	custom	TRUE	TRUE	FALSE	-100	442837	31	35	TRUE	0.110836030625311	0.883233751855894	4832	549	0.0147646329917544	3	0.0890617991332611	0.0750937858531834	0.305139170178316	13043000	191
20220608 215727	binary	custom	TRUE	TRUE	FALSE	-100	442837	31	323	TRUE	0.171728536204965	0.6592803164437	4842	576	0.0137969806890016	1	0.0680388718482573	0.0859767551450641	0.269654105743393	13101000	192
20220608 215741	binary	custom	TRUE	TRUE	FALSE	-100	442837	31	83	TRUE	0.0742239794222405	0.74548981672722	4383	611	0.0142811384133594	-1	0.102883171752975	0.165544592866377	0.387105333768866	13196000	193
20220608 215749	binary	custom	TRUE	TRUE	FALSE	-100	442837	31	78	TRUE	0.195545416344345	0.812927823865579	5402	658	0.0166054395593108	2	0.079077743373863	0.186237514342763	0.368835829394973	13534000	194
20220608 215758	binary	custom	TRUE	TRUE	FALSE	-100	442837	31	28	TRUE	0.187680759294372	0.620016372242632	5139	649	0.0177869518340028	-1	0.10816956113804	0.136392745687225	0.169696571318329	12532000	195
20220608 215807	binary	custom	TRUE	TRUE	FALSE	-100	442837	31	50	TRUE	0.158799385702199	0.955360708289987	5749	525	0.0162638633255362	-3	0.0513569006829574	0.0694504855168311	0.230640336470161	12922000	196
20220608 215821	binary	custom	TRUE	TRUE	FALSE	-100	442837	31	304	TRUE	0.184385767922763	0.668811288892498	5502	515	0.013551925696093	1	0.0958026845681403	0.17939737297462	0.139225697897685	12905000	197
20220608 215829	binary	custom	TRUE	TRUE	FALSE	-100	442837	31	31	TRUE	0.16763441236832	0.82687676927437	5885	462	0.0145202548071037	0	0.187193314450172	0.103284670075803	0.36475301601717	12878000	198
20220608 215838	binary	custom	TRUE	TRUE	FALSE	-100	442837	31	37	TRUE	0.152971362546345	0.683359300997108	4669	503	0.015498779826513	-2	0.0244138054019358	0.0307060834537325	0.429748623621547	13022000	199
20220608 215848	binary	custom	TRUE	TRUE	FALSE	-100	442837	31	222	TRUE	0.214785563707378	0.765817273175344	4273	627	0.0149041708607725	1	0.118672345988905	0.167736288215622	0.202269380790595	13569000	200
20220608 215855	binary	custom	TRUE	TRUE	FALSE	-100	442837	31	15	TRUE	0.229525682756535	0.916288979007449	5499	682	0.0123141468613984	-2	0.192599525168189	0.176110444823862	0.158680402544431	12783000	201
20220608 215906	binary	custom	TRUE	TRUE	FALSE	-100	442837	31	46	TRUE	0.105064834197401	0.805865617388756	4162	618	0.0175993874202799	0	0.140211133113739	0.0120920665664016	0.454361973410576	12926000	202
20220608 215913	binary	custom	TRUE	TRUE	FALSE	-100	442837	31	73	TRUE	0.293569326595688	0.731876024200271	4998	512	0.0145545076951805	3	0.145183015172111	0.0969732766733052	0.464507643436082	12700000	203
20220608 215926	binary	custom	TRUE	TRUE	FALSE	-100	442837	31	76	TRUE	0.0809508000693879	0.707910381014355	5376	675	0.0156526809113145	-3	0.0604613114740803	0.00985346230120114	0.340050401329063	13296000	204
20220608 215932	binary	custom	TRUE	TRUE	FALSE	-100	442837	31	15	TRUE	0.267205515296858	0.964314525108784	4622	582	0.0168180218289813	-1	0.179079167403268	0.145475128873154	0.479782684739783	12385000	205
20220608 215939	binary	custom	TRUE	TRUE	FALSE	-100	442837	31	13	TRUE	0.278412565821006	0.787891503917571	4740	566	0.013071736683985	-2	0.125501900504395	0.0284830124395861	0.285393827597404	12563000	206
20220608 215955	binary	custom	TRUE	TRUE	FALSE	-100	442837	31	227	TRUE	0.0625899755815691	0.639319711822706	5229	622	0.0158368472656358	2	0.128204970912452	0.116439909340348	0.474017067623532	13046000	207
20220608 220002	binary	custom	TRUE	TRUE	FALSE	-100	442837	31	16	TRUE	0.288151976058273	0.738618707654273	5611	594	0.0183971566750843	-2	0.177213727456724	0.0226253473929699	0.148839298640895	12456000	208
20220608 220051	binary	custom	TRUE	TRUE	FALSE	-100	442837	31	1498	TRUE	0.046639848835637	0.927257437302938	4057	467	0.0173822550630785	1	0.0574284678468636	0.140007953493248	0.299871120100013	13721000	209
20220608 220133	binary	custom	TRUE	TRUE	FALSE	-100	442837	31	237	TRUE	0.0139920581071379	0.645525090489537	5086	600	0.0175453765232426	0	0.147938753010433	0.04060668501904	0.114065180698203	12827000	210
20220608 220140	binary	custom	TRUE	TRUE	FALSE	-100	442837	31	18	TRUE	0.239927389087259	0.895654219453637	5891	536	0.0125161793460106	-3	0.154907537478397	0.195411600474637	0.412183317994802	12843000	211
20220608 220147	binary	custom	TRUE	TRUE	FALSE	-100	442837	31	17	TRUE	0.208286484326365	0.867574549779399	4168	661	0.0141374855372156	0	0.0315821940858667	0.12693089548759	0.496607112530102	13011000	212
20220608 220156	binary	custom	TRUE	TRUE	FALSE	-100	442837	31	26	TRUE	0.222225260813074	0.995168916223985	4293	478	0.0151120469134637	-1	0.0456609345710604	0.0373332802078932	0.216762663330883	12852000	213
20220608 220203	binary	custom	TRUE	TRUE	FALSE	-100	442837	31	51	TRUE	0.126361048106402	0.854253957239497	5640	484	0.0182801118166632	3	0.0376370612924479	0.0644615320361271	0.442527986072107	12694000	214
20220608 220220	binary	custom	TRUE	TRUE	FALSE	-100	442837	31	92	TRUE	0.038141257337993	0.979068449232727	5989	637	0.0128985463960562	0	0.0111398744752579	0.155724158448872	0.106402666985782	12953000	215
20220608 220243	binary	custom	TRUE	TRUE	FALSE	-100	442837	31	137	TRUE	0.0329544794181776	0.936076848734067	4553	667	0.0134308742862809	-3	0.196743856110778	0.121201619887705	0.265193111157148	13078000	216
20220608 220254	binary	custom	TRUE	TRUE	FALSE	-100	442837	31	134	TRUE	0.121744517493514	0.627703257176715	5723	544	0.0120330138805245	2	0.0175860598471869	0.0502449207085431	0.320673424199534	13177000	217
20220608 220305	binary	custom	TRUE	TRUE	FALSE	-100	442837	31	88	TRUE	0.139510471315007	0.609037123946473	4053	687	0.0160105974571165	2	0.0294960187604496	0.00356565007374674	0.194466334113127	13646000	218
20220608 220335	binary	custom	TRUE	TRUE	FALSE	-100	442837	31	454	TRUE	0.0228832446930594	0.833631637314748	4467	488	0.0127166657459683	3	0.163474792707	0.0901054597917052	0.397851422385106	13055000	219
20220608 220341	binary	custom	TRUE	TRUE	FALSE	-100	442837	31	59	TRUE	0.254102885126162	0.900624298198252	5331	494	0.0181214111586677	2	0.169493756886546	0.109457269666826	0.128952220982562	12819000	220
20220608 220348	binary	custom	TRUE	TRUE	FALSE	-100	442837	31	61	TRUE	0.267912330371651	0.9713270553129	5216	699	0.0131118183298903	3	0.162338069365554	0.0564015901188702	0.235964910222942	12873000	221
20220608 220357	binary	custom	TRUE	TRUE	FALSE	-100	442837	31	31	TRUE	0.1333614926641	0.692926162804684	4923	530	0.0170315389869146	-2	0.0940890018590208	0.19359975333215	0.355158165912144	12858000	222
20220608 220407	binary	custom	TRUE	TRUE	FALSE	-100	442837	31	113	TRUE	0.103294841863672	0.737834050957402	4140	629	0.0153717807238638	2	0.0602485723244802	0.159067593865152	0.251566620925453	13435000	223
20220608 220426	binary	custom	TRUE	TRUE	FALSE	-100	442837	31	463	TRUE	0.0765185525179702	0.817402067011479	4113	475	0.0158038705331533	1	0.0598024826710804	0.189889362852404	0.283343798213214	13610000	224
20220608 220434	binary	custom	TRUE	TRUE	FALSE	-100	442837	31	82	TRUE	0.192645768071435	0.681908350272992	4280	681	0.0160137932266658	2	0.0603900177749258	0.111308317821251	0.198365705685177	13359000	225
20220608 220509	binary	custom	TRUE	TRUE	FALSE	-100	442837	31	952	TRUE	0.0412280673708784	0.926787742385363	4039	521	0.0162769345868125	1	0.0772670247717523	0.134096827216568	0.254314889634224	13690000	226
20220608 220530	binary	custom	TRUE	TRUE	FALSE	-100	442837	31	525	TRUE	0.0584328788689217	0.912048237218657	4019	488	0.0148199512020243	1	0.0235977934640712	0.0570207240603838	0.263431953027787	13407000	227
20220608 220615	binary	custom	TRUE	TRUE	FALSE	-100	442837	31	1280	TRUE	0.0365755568838897	0.944293106826863	4168	493	0.0174194440437315	1	0.0998497500026819	0.154791182403031	0.343326991282485	13704000	228
20220608 220639	binary	custom	TRUE	TRUE	FALSE	-100	442837	31	620	TRUE	0.0541692639739505	0.963732725984873	4014	495	0.0180888649992107	1	0.0999321073014175	0.161426762936089	0.347536981905043	13346000	229
20220608 220727	binary	custom	TRUE	TRUE	FALSE	-100	442837	31	1268	TRUE	0.0411529459105319	0.851879960220223	4166	472	0.0167852988197299	1	0.0456760212464479	0.0745998652913817	0.322818621229906	13756000	230
20220608 220809	binary	custom	TRUE	TRUE	FALSE	-100	442837	31	1158	TRUE	0.0305312295897505	0.966557435722173	4152	471	0.0168522965499858	1	0.052481460897023	0.131801365399234	0.257256272473549	13546000	231
20220608 220838	binary	custom	TRUE	TRUE	FALSE	-100	442837	31	814	TRUE	0.0512212209072059	0.849152884844948	4078	517	0.0165988860771257	1	0.0902883700314822	0.151544538839414	0.322583685155868	13684000	232
20220608 220907	binary	custom	TRUE	TRUE	FALSE	-100	442837	31	732	TRUE	0.049510399752976	0.712487984772128	4074	504	0.0162145725331298	1	0.0849978767530023	0.0340590442217862	0.303471269051265	13732000	233
20220608 220941	binary	custom	TRUE	TRUE	FALSE	-100	442837	31	966	TRUE	0.0520407226422578	0.708245991976856	4163	470	0.0172602511078193	1	0.0596323903091529	0.0712418346705199	0.338469101016846	13716000	234
20220608 221008	binary	custom	TRUE	TRUE	FALSE	-100	442837	31	715	TRUE	0.0490450254114533	0.919422276625797	4054	475	0.0162869696193481	1	0.12031639909637	0.0445088779822358	0.331909974648489	13696000	235
20220608 221028	binary	custom	TRUE	TRUE	FALSE	-100	442837	31	483	TRUE	0.106009313772265	0.921882623410152	4057	553	0.0161342440697567	1	0.020618120609783	0.0522723314938006	0.269417182798874	13745000	236
20220608 221045	binary	custom	TRUE	TRUE	FALSE	-100	442837	31	372	TRUE	0.0982366518475058	0.745402761560735	4030	604	0.0159342675279816	1	0.0837773587155303	0.0744915304884184	0.224037871028559	13735000	237
20220608 221105	binary	custom	TRUE	TRUE	FALSE	-100	442837	31	483	TRUE	0.0745487910831393	0.802476121432224	4087	561	0.0160064918270269	1	0.10995175147463	0.034807224822236	0.278321661929676	13682000	238
20220608 221127	binary	custom	TRUE	TRUE	FALSE	-100	442837	31	569	TRUE	0.090333804779939	0.906659752301109	4050	510	0.0163995528206209	1	0.0291248781923577	0.0731072353711209	0.306759950228928	13826000	239
20220608 221135	binary	custom	TRUE	TRUE	FALSE	-100	442837	31	66	TRUE	0.145113595898696	0.763061854180577	4000	517	0.016390252746701	2	0.0426983686718031	0.0474757812649163	0.29661875873796	13598000	240
20220608 221158	binary	custom	TRUE	TRUE	FALSE	-100	442837	31	552	TRUE	0.0734665032590592	0.823454743997163	4005	637	0.0162184008266329	1	0.0288106106362402	0.0884709654497865	0.285214082521482	13599000	241
20220608 221219	binary	custom	TRUE	TRUE	FALSE	-100	442837	31	514	TRUE	0.0739628791944081	0.860019036521832	4033	498	0.0162345505603452	1	0.0235275049400276	0.0758959602375595	0.311892106654632	13608000	242
20220608 221233	binary	custom	TRUE	TRUE	FALSE	-100	442837	31	262	TRUE	0.134936232251987	0.903178956183075	4206	511	0.0169435510749769	1	0.0857108334752695	0.0401427737373406	0.305180481001975	13738000	243
20220608 221249	binary	custom	TRUE	TRUE	FALSE	-100	442837	31	372	TRUE	0.0956768203853446	0.916050178593584	4128	513	0.0165055350474348	1	0.0601798161243618	0.0361942722884848	0.300614704742853	13807000	244
20220608 221350	binary	custom	TRUE	TRUE	FALSE	-100	442837	31	1796	TRUE	0.0334110070217017	0.76284360231626	4210	515	0.016600620773614	1	0.0487509683839766	0.0791772832283672	0.374750961107709	13701000	245
20220608 221425	binary	custom	TRUE	TRUE	FALSE	-100	442837	31	963	TRUE	0.0515641248380231	0.909381553837188	4174	510	0.0167827363044115	1	0.0380686033155316	0.161231080869112	0.330616824261058	13857000	246
20220608 221439	binary	custom	TRUE	TRUE	FALSE	-100	442837	31	260	TRUE	0.134662119427977	0.649789320814344	4093	578	0.0162836614755827	1	0.0656425720180209	0.0324832799635076	0.28647247052075	13541000	247
20220608 221503	binary	custom	TRUE	TRUE	FALSE	-100	442837	31	650	TRUE	0.0919429778232542	0.762237403158046	4141	476	0.0168556604269257	1	0.111149472067331	0.117590680200243	0.232755836061337	13787000	248
20220608 221523	binary	custom	TRUE	TRUE	FALSE	-100	442837	31	403	TRUE	0.0348811305959554	0.908534636511829	4141	521	0.0170403848898016	1	0.0172891546618761	0.0733382558819324	0.327535922045452	12757000	249
20220608 221542	binary	custom	TRUE	TRUE	FALSE	-100	442837	31	470	TRUE	0.0966394544510987	0.903226424527382	4061	533	0.0172299881418155	1	0.0437570005373287	0.0739547179539043	0.295886240851987	13835000	250
20220608 221602	binary	custom	TRUE	TRUE	FALSE	-100	442837	31	508	TRUE	0.0900294078761865	0.87115673597085	4182	492	0.0165537569211745	1	0.0589350226552498	0.156931159592961	0.242014444346648	13834000	251
20220608 221617	binary	custom	TRUE	TRUE	FALSE	-100	442837	31	92	TRUE	0.0776470555131	0.935173350013542	4185	502	0.016604459042278	-1	0.0437853682894878	0.0875679400394457	0.381197808776139	13064000	252
20220608 221643	binary	custom	TRUE	TRUE	FALSE	-100	442837	31	688	TRUE	0.0811018859635728	0.985941370686455	4188	492	0.0166434269322457	1	0.0429017194468494	0.182815500262108	0.333871581270722	13687000	253
20220608 221703	binary	custom	TRUE	TRUE	FALSE	-100	442837	31	487	TRUE	0.088765011040954	0.904781693384753	4177	508	0.0172248441034223	1	0.0819501904844251	0.0988299284441476	0.174374286147617	13769000	254
20220608 221733	binary	custom	TRUE	TRUE	FALSE	-100	442837	31	678	TRUE	0.0616826734082511	0.851472927323975	4179	512	0.0169399548630229	1	0.0457484177909117	0.146075866194321	0.282333976104348	13703000	255
20220608 221750	binary	custom	TRUE	TRUE	FALSE	-100	442837	31	364	TRUE	0.108968197985905	0.896294049611358	4055	546	0.0173920293410734	1	0.0350626906328259	0.0481712587993312	0.283445146533147	13642000	256
20220608 221806	binary	custom	TRUE	TRUE	FALSE	-100	442837	31	372	TRUE	0.112860020818976	0.838608161268017	4080	529	0.0161832333058444	1	0.0376654963524088	0.168542409887308	0.381112539591055	13616000	257
20220608 221823	binary	custom	TRUE	TRUE	FALSE	-100	442837	31	366	TRUE	0.101396085942073	0.876275659349616	4062	519	0.0161625291183899	1	0.0730055119096808	0.0707655321308976	0.258452392421497	13686000	258
20220608 221844	binary	custom	TRUE	TRUE	FALSE	-100	442837	31	562	TRUE	0.0835808322514033	0.711830319628574	4173	512	0.0164176313456342	1	0.0766861205714387	0.0571895157879023	0.31887554106568	13759000	259
20220608 221854	binary	custom	TRUE	TRUE	FALSE	-100	442837	31	97	TRUE	0.0914186166108225	0.899350919776293	4058	537	0.0162291524845984	2	0.0502728278190242	0.083918588591184	0.308013434155914	13369000	260
20220608 221912	binary	custom	TRUE	TRUE	FALSE	-100	442837	31	436	TRUE	0.178009927417804	0.879803627720213	4169	527	0.0163552692984015	1	0.0365184719496189	0.156494220100943	0.220285511729803	13758000	261
20220608 221934	binary	custom	TRUE	TRUE	FALSE	-100	442837	31	575	TRUE	0.0938376931692929	0.729931415585648	4160	481	0.0164262565750417	1	0.10124816131786	0.0507733911005406	0.268830818424818	13853000	262
20220608 221957	binary	custom	TRUE	TRUE	FALSE	-100	442837	31	547	TRUE	0.0736626490029477	0.7190420141473	4183	547	0.0162449681495501	1	0.095792807215506	0.150748999320818	0.200615168637514	13645000	263
20220608 222007	binary	custom	TRUE	TRUE	FALSE	-100	442837	31	177	TRUE	0.183076758519296	0.812396684118954	4127	493	0.016718659322585	1	0.100503586803873	0.0417033521274786	0.261197617416031	13493000	264
20220608 222032	binary	custom	TRUE	TRUE	FALSE	-100	442837	31	674	TRUE	0.0821937360303704	0.766577610018188	4172	495	0.0163735829569378	1	0.0372849920269897	0.0799303757866608	0.227738274824682	13761000	265
20220608 222101	binary	custom	TRUE	TRUE	FALSE	-100	442837	31	693	TRUE	0.0594904883513059	0.657480217836535	4175	492	0.0164381887607438	1	0.108874147710591	0.0715411752073916	0.380775346434456	13760000	266
20220608 222112	binary	custom	TRUE	TRUE	FALSE	-100	442837	31	219	TRUE	0.174845538198568	0.935672150337812	4059	613	0.0161332204626721	1	0.0292223400252745	0.0622833179703955	0.134348119793769	13500000	267
20220608 222135	binary	custom	TRUE	TRUE	FALSE	-100	442837	31	585	TRUE	0.0910743767107144	0.768570617713478	4058	476	0.0166250677105355	1	0.0404820853822692	0.112089527758266	0.272102183034329	13829000	268
20220608 222156	binary	custom	TRUE	TRUE	FALSE	-100	442837	31	500	TRUE	0.100264473379124	0.820165370712106	4048	481	0.01652839977499	1	0.0416846827319207	0.061524700566981	0.311544744871021	13842000	269
20220608 222221	binary	custom	TRUE	TRUE	FALSE	-100	442837	31	639	TRUE	0.0663263187493683	0.710150484393019	4169	489	0.0168668939684956	1	0.104580063507489	0.0370839918017249	0.264770013272192	13641000	270
20220608 222238	binary	custom	TRUE	TRUE	FALSE	-100	442837	31	368	TRUE	0.0948059393519833	0.681582998506324	4050	558	0.0160049710135578	1	0.0420467507318216	0.0902354539633219	0.359335127190202	13623000	271
20220608 222300	binary	custom	TRUE	TRUE	FALSE	-100	442837	31	569	TRUE	0.079891107212757	0.83777849148639	4151	468	0.0161513554023479	1	0.10496974290406	0.156131373432086	0.296434941861301	13701000	272
20220608 222332	binary	custom	TRUE	TRUE	FALSE	-100	442837	31	808	TRUE	0.0462521664779816	0.665678900242377	4209	545	0.0157930383508314	1	0.0674461247108874	0.121066299101417	0.28027316404459	13544000	273
20220608 222358	binary	custom	TRUE	TRUE	FALSE	-100	442837	31	533	TRUE	0.102169008722349	0.766355596143298	4166	489	0.0164383626815387	1	0.047475713305191	0.0874565349372391	0.212302912646546	13808000	274
