fecha	objective	metric	first_metric_only	boost_from_average	feature_pre_filter	verbosity	seed	max_depth	min_gain_to_split	lambda_l1	lambda_l2	max_bin	num_iterations	force_row_wise	learning_rate	feature_fraction	min_data_in_leaf	num_leaves	prob_corte	ganancia	iteracion
20220604 211917	binary	custom	TRUE	TRUE	FALSE	-100	999983	-1	0	0	0	31	23	TRUE	0.217750523427851	0.5363895736821	4832	417	0.0181735914826277	12330000	1
20220604 211927	binary	custom	TRUE	TRUE	FALSE	-100	999983	-1	0	0	0	31	20	TRUE	0.262629048448522	0.518638953194022	3246	198	0.0356527224226738	10174000	2
20220604 211950	binary	custom	TRUE	TRUE	FALSE	-100	999983	-1	0	0	0	31	109	TRUE	0.036898490973399	0.885004547005519	2932	583	0.0299927564143824	11051000	3
20220604 212000	binary	custom	TRUE	TRUE	FALSE	-100	999983	-1	0	0	0	31	37	TRUE	0.279166210806114	0.281587257571518	6727	516	0.0462173342064489	8230000	4
20220604 212012	binary	custom	TRUE	TRUE	FALSE	-100	999983	-1	0	0	0	31	33	TRUE	0.168285793430987	0.57115846416913	5318	853	0.015146272147831	13089000	5
20220604 212023	binary	custom	TRUE	TRUE	FALSE	-100	999983	-1	0	0	0	31	19	TRUE	0.139948063945281	0.839263802897185	1811	528	0.0252827874064678	11706000	6
20220604 212031	binary	custom	TRUE	TRUE	FALSE	-100	999983	-1	0	0	0	31	41	TRUE	0.206141464264598	0.700631159776822	6086	346	0.0211608381796395	12627000	7
20220604 212041	binary	custom	TRUE	TRUE	FALSE	-100	999983	-1	0	0	0	31	23	TRUE	0.177916054197238	0.749378264369443	2234	269	0.0454991983773652	8211000	8
20220604 212129	binary	custom	TRUE	TRUE	FALSE	-100	999983	-1	0	0	0	31	288	TRUE	0.0115046981787309	0.87994517066516	5632	267	0.0238497658841273	12128000	9
20220604 212201	binary	custom	TRUE	TRUE	FALSE	-100	999983	-1	0	0	0	31	195	TRUE	0.0401832493869588	0.416064185677096	7491	949	0.0389367950512678	9889000	10
20220604 212216	binary	custom	TRUE	TRUE	FALSE	-100	999983	-1	0	0	0	31	22	TRUE	0.142297624834697	0.33261412053369	734	455	0.0284865397935694	10548000	11
20220604 212226	binary	custom	TRUE	TRUE	FALSE	-100	999983	-1	0	0	0	31	16	TRUE	0.2486072602364	0.372111406764016	1530	753	0.0127311166894894	11391000	12
20220604 212238	binary	custom	TRUE	TRUE	FALSE	-100	999983	-1	0	0	0	31	13	TRUE	0.291861393656698	0.798458170620725	859	685	0.0343099979974795	8497000	13
20220604 212250	binary	custom	TRUE	TRUE	FALSE	-100	999983	-1	0	0	0	31	47	TRUE	0.112654176415759	0.233640256179497	4595	803	0.00887783305709794	11862000	14
20220604 212312	binary	custom	TRUE	TRUE	FALSE	-100	999983	-1	0	0	0	31	89	TRUE	0.0570990687992889	0.442028336385265	4292	130	0.0402677718016397	9902000	15
20220604 212326	binary	custom	TRUE	TRUE	FALSE	-100	999983	-1	0	0	0	31	106	TRUE	0.0713723679827526	0.999105197405443	7892	111	0.0483678208411827	8227000	16
20220604 212342	binary	custom	TRUE	TRUE	FALSE	-100	999983	-1	0	0	0	31	107	TRUE	0.105436977282632	0.920980162061751	3779	906	0.0206141800348026	12766000	17
20220604 212405	binary	custom	TRUE	TRUE	FALSE	-100	999983	-1	0	0	0	31	29	TRUE	0.0865581531252246	0.251540271500126	275	989	0.0325804516348095	8300000	18
20220604 212415	binary	custom	TRUE	TRUE	FALSE	-100	999983	-1	0	0	0	31	30	TRUE	0.197279327411437	0.675284027075395	2787	36	0.0115456782344457	12196000	19
20220604 212424	binary	custom	TRUE	TRUE	FALSE	-100	999983	-1	0	0	0	31	22	TRUE	0.227709351993166	0.6034373793751	6920	661	0.0433458277984755	8830000	20
20220604 212433	binary	custom	TRUE	TRUE	FALSE	-100	999983	-1	0	0	0	31	25	TRUE	0.140015193098633	0.935550520056044	6521	845	0.0162881356279698	12656000	21
20220604 212446	binary	custom	TRUE	TRUE	FALSE	-100	999983	-1	0	0	0	31	59	TRUE	0.150812254239471	0.592880764594562	5706	871	0.0204717803743024	12838000	22
20220604 212457	binary	custom	TRUE	TRUE	FALSE	-100	999983	-1	0	0	0	31	39	TRUE	0.147178013005965	0.709260155391013	4883	1023	0.014893986132987	12566000	23
20220604 212512	binary	custom	TRUE	TRUE	FALSE	-100	999983	-1	0	0	0	31	83	TRUE	0.0687408619728497	0.680691423107038	4718	783	0.0155838247259134	13475000	24
20220604 212624	binary	custom	TRUE	TRUE	FALSE	-100	999983	-1	0	0	0	31	522	TRUE	0.0103935020412938	0.697541762647783	3893	790	0.0154978141230114	13513000	25
20220604 212749	binary	custom	TRUE	TRUE	FALSE	-100	999983	-1	0	0	0	31	547	TRUE	0.0101664612443647	0.602351118256886	5287	793	0.0151185058449937	13436000	26
20220604 212838	binary	custom	TRUE	TRUE	FALSE	-100	999983	-1	0	0	0	31	293	TRUE	0.0136874717814318	0.759213242110901	4229	703	0.0144550129243531	13536000	27
20220604 212915	binary	custom	TRUE	TRUE	FALSE	-100	999983	-1	0	0	0	31	223	TRUE	0.0199034741202742	0.762594267157538	4328	783	0.0140533366098072	13478000	28
20220604 213027	binary	custom	TRUE	TRUE	FALSE	-100	999983	-1	0	0	0	31	451	TRUE	0.0102045869915557	0.752645464636448	4354	732	0.0157250066232286	13619000	29
20220604 213124	binary	custom	TRUE	TRUE	FALSE	-100	999983	-1	0	0	0	31	459	TRUE	0.0145363763951562	0.77005827518447	4317	716	0.0187853723897665	12955000	30
20220604 213220	binary	custom	TRUE	TRUE	FALSE	-100	999983	-1	0	0	0	31	388	TRUE	0.012837995286866	0.911630299572785	4362	749	0.0153120812678131	13184000	31
20220604 213320	binary	custom	TRUE	TRUE	FALSE	-100	999983	-1	0	0	0	31	436	TRUE	0.0102689637237062	0.726075155895308	5839	386	0.0134047078390108	13068000	32
20220604 213421	binary	custom	TRUE	TRUE	FALSE	-100	999983	-1	0	0	0	31	503	TRUE	0.0125790840933848	0.73134337237454	5675	715	0.0154957564053655	13346000	33
20220604 213526	binary	custom	TRUE	TRUE	FALSE	-100	999983	-1	0	0	0	31	331	TRUE	0.0100214716125356	0.627929872385703	4384	620	0.0127896444830082	13245000	34
20220604 213630	binary	custom	TRUE	TRUE	FALSE	-100	999983	-1	0	0	0	31	402	TRUE	0.0105588968455135	0.75655226019792	4007	263	0.0157325065725372	13421000	35
20220604 213729	binary	custom	TRUE	TRUE	FALSE	-100	999983	-1	0	0	0	31	408	TRUE	0.0117174051298849	0.749261050035474	4283	499	0.0155250408197125	13747000	36
20220604 213832	binary	custom	TRUE	TRUE	FALSE	-100	999983	-1	0	0	0	31	369	TRUE	0.0142456687707463	0.764745081593563	2388	449	0.0156523049581966	13362000	37
20220604 213948	binary	custom	TRUE	TRUE	FALSE	-100	999983	-1	0	0	0	31	502	TRUE	0.0100196133735222	0.635818553396862	4342	455	0.0154152576746322	13703000	38
20220604 214102	binary	custom	TRUE	TRUE	FALSE	-100	999983	-1	0	0	0	31	446	TRUE	0.0139981733116119	0.267843046386626	4409	515	0.0157115134813289	13541000	39
20220604 214215	binary	custom	TRUE	TRUE	FALSE	-100	999983	-1	0	0	0	31	556	TRUE	0.0105372747764379	0.669736914273375	4234	545	0.0158934905175303	13616000	40
20220604 214243	binary	custom	TRUE	TRUE	FALSE	-100	999983	-1	0	0	0	31	151	TRUE	0.0263906424579696	0.747069347493665	4250	459	0.0151560457798151	13351000	41
20220604 214258	binary	custom	TRUE	TRUE	FALSE	-100	999983	-1	0	0	0	31	47	TRUE	0.10674166271522	0.494074187941814	5162	442	0.0163153361714309	13322000	42
20220604 214310	binary	custom	TRUE	TRUE	FALSE	-100	999983	-1	0	0	0	31	50	TRUE	0.170590347607724	0.316619018091831	7996	373	0.0160410428814968	13050000	43
20220604 214322	binary	custom	TRUE	TRUE	FALSE	-100	999983	-1	0	0	0	31	28	TRUE	0.165682288484855	0.372986675484925	5357	23	0.0204472748248748	12725000	44
20220604 214342	binary	custom	TRUE	TRUE	FALSE	-100	999983	-1	0	0	0	31	113	TRUE	0.0862328131624213	0.327384549482153	6392	895	0.0157942802513056	12967000	45
20220604 214352	binary	custom	TRUE	TRUE	FALSE	-100	999983	-1	0	0	0	31	50	TRUE	0.107083855521264	0.756475574231439	7987	476	0.0216397305026227	12909000	46
20220604 214402	binary	custom	TRUE	TRUE	FALSE	-100	999983	-1	0	0	0	31	54	TRUE	0.176225335724469	0.752231806164993	7915	16	0.0156562238869563	12937000	47
20220604 214414	binary	custom	TRUE	TRUE	FALSE	-100	999983	-1	0	0	0	31	60	TRUE	0.0956441791643969	0.775859426225261	4752	514	0.0156110853153985	12984000	48
20220604 214427	binary	custom	TRUE	TRUE	FALSE	-100	999983	-1	0	0	0	31	45	TRUE	0.191981873232877	0.567231111283951	7999	556	0.0114115513967629	12276000	49
20220604 214644	binary	custom	TRUE	TRUE	FALSE	-100	999983	-1	0	0	0	31	992	TRUE	0.0100104058379941	0.409694576025951	4715	441	0.0153757660414823	13605000	50
20220604 214701	binary	custom	TRUE	TRUE	FALSE	-100	999983	-1	0	0	0	31	69	TRUE	0.066496450162728	0.247432263608474	4451	480	0.015551951274689	13214000	51
20220604 214713	binary	custom	TRUE	TRUE	FALSE	-100	999983	-1	0	0	0	31	40	TRUE	0.164758188035727	0.591455602270365	6295	349	0.0168290637803536	12761000	52
20220604 214722	binary	custom	TRUE	TRUE	FALSE	-100	999983	-1	0	0	0	31	34	TRUE	0.183525754025809	0.990190888925442	7997	851	0.0229584132541268	12838000	53
20220604 214735	binary	custom	TRUE	TRUE	FALSE	-100	999983	-1	0	0	0	31	50	TRUE	0.187768499576908	0.508620398212026	7999	18	0.0257073593754722	11890000	54
20220604 214751	binary	custom	TRUE	TRUE	FALSE	-100	999983	-1	0	0	0	31	93	TRUE	0.119667282526096	0.200886407702751	4560	757	0.0164488685307652	13767000	55
20220604 214809	binary	custom	TRUE	TRUE	FALSE	-100	999983	-1	0	0	0	31	78	TRUE	0.113732689935263	0.374568067039758	4383	792	0.0164564283021489	13706000	56
20220604 214824	binary	custom	TRUE	TRUE	FALSE	-100	999983	-1	0	0	0	31	74	TRUE	0.124182873696356	0.201335755169809	2735	505	0.0161357423816812	12879000	57
20220604 214845	binary	custom	TRUE	TRUE	FALSE	-100	999983	-1	0	0	0	31	115	TRUE	0.1121846388914	0.435338188205069	4858	752	0.0158001716492068	13469000	58
20220604 214858	binary	custom	TRUE	TRUE	FALSE	-100	999983	-1	0	0	0	31	55	TRUE	0.113756384745425	0.20757837415429	4653	803	0.0177679641575506	13088000	59
20220604 215026	binary	custom	TRUE	TRUE	FALSE	-100	999983	-1	0	0	0	31	800	TRUE	0.010017605497108	0.804391454909693	4779	422	0.0165321561015463	13079000	60
20220604 215042	binary	custom	TRUE	TRUE	FALSE	-100	999983	-1	0	0	0	31	37	TRUE	0.181168063442443	0.25631587108148	5082	790	0.0164461752121738	13636000	61
20220604 215103	binary	custom	TRUE	TRUE	FALSE	-100	999983	-1	0	0	0	31	94	TRUE	0.0733796997747241	0.342913247815131	4680	710	0.0221845624805943	12875000	62
20220604 215308	binary	custom	TRUE	TRUE	FALSE	-100	999983	-1	0	0	0	31	964	TRUE	0.0110856854382201	0.389193434602031	4424	18	0.0155846293056523	13661000	63
20220604 215320	binary	custom	TRUE	TRUE	FALSE	-100	999983	-1	0	0	0	31	46	TRUE	0.164586115377668	0.202794294893239	5531	45	0.016364490701953	13009000	64
20220604 215458	binary	custom	TRUE	TRUE	FALSE	-100	999983	-1	0	0	0	31	502	TRUE	0.0101780492450486	0.457665103027294	4205	37	0.0140339702593663	13463000	65
20220604 215606	binary	custom	TRUE	TRUE	FALSE	-100	999983	-1	0	0	0	31	560	TRUE	0.0100956290774036	0.684805079802166	5010	17	0.0154868047952428	13504000	66
20220604 215739	binary	custom	TRUE	TRUE	FALSE	-100	999983	-1	0	0	0	31	431	TRUE	0.0102270004975059	0.519200481895363	5039	19	0.0112257686466683	13012000	67
20220604 215928	binary	custom	TRUE	TRUE	FALSE	-100	999983	-1	0	0	0	31	496	TRUE	0.0104883686919214	0.472147640440962	2213	356	0.0204820397943034	13300000	68
20220604 220001	binary	custom	TRUE	TRUE	FALSE	-100	999983	-1	0	0	0	31	31	TRUE	0.0642072395815023	0.448719338082398	285	646	0.0199328953565631	11775000	69
20220604 220206	binary	custom	TRUE	TRUE	FALSE	-100	999983	-1	0	0	0	31	1056	TRUE	0.0100710294248746	0.26015279615991	4892	301	0.020543837958794	13113000	70
20220604 220324	binary	custom	TRUE	TRUE	FALSE	-100	999983	-1	0	0	0	31	691	TRUE	0.010106543695627	0.727103467996675	2833	18	0.0209796591903602	13021000	71
20220604 220442	binary	custom	TRUE	TRUE	FALSE	-100	999983	-1	0	0	0	31	626	TRUE	0.0108440499408662	0.752636134955666	4129	506	0.0209445483049337	13086000	72
20220604 220629	binary	custom	TRUE	TRUE	FALSE	-100	999983	-1	0	0	0	31	589	TRUE	0.0106826539267502	0.415998367173398	2595	37	0.0190893079049013	13118000	73
20220604 220647	binary	custom	TRUE	TRUE	FALSE	-100	999983	-1	0	0	0	31	75	TRUE	0.0985320216419027	0.357420562627898	2965	195	0.0219835790207071	12877000	74
20220604 220700	binary	custom	TRUE	TRUE	FALSE	-100	999983	-1	0	0	0	31	56	TRUE	0.18863583045154	0.340642772141956	7998	16	0.0129771731658254	12805000	75
20220604 220711	binary	custom	TRUE	TRUE	FALSE	-100	999983	-1	0	0	0	31	30	TRUE	0.299274342715462	0.483865623465789	7987	812	0.0164220086898215	12747000	76
20220604 220721	binary	custom	TRUE	TRUE	FALSE	-100	999983	-1	0	0	0	31	29	TRUE	0.276479505231395	0.240377178375236	7999	603	0.0229883704888707	12677000	77
20220604 220735	binary	custom	TRUE	TRUE	FALSE	-100	999983	-1	0	0	0	31	40	TRUE	0.105689378951986	0.419697042135987	7989	986	0.024283866775341	12384000	78
20220604 220909	binary	custom	TRUE	TRUE	FALSE	-100	999983	-1	0	0	0	31	609	TRUE	0.011169963192978	0.415109019329818	7874	17	0.0155404863751104	13389000	79
20220604 221024	binary	custom	TRUE	TRUE	FALSE	-100	999983	-1	0	0	0	31	493	TRUE	0.0100489685894537	0.600218308025086	7814	17	0.0127396890917942	13107000	80
20220604 221040	binary	custom	TRUE	TRUE	FALSE	-100	999983	-1	0	0	0	31	72	TRUE	0.176554800129653	0.504416821684666	7880	16	0.00899769888377594	11498000	81
20220604 221219	binary	custom	TRUE	TRUE	FALSE	-100	999983	-1	0	0	0	31	629	TRUE	0.0100186900574339	0.330124812389017	4825	759	0.0138822349754697	13564000	82
20220604 221344	binary	custom	TRUE	TRUE	FALSE	-100	999983	-1	0	0	0	31	536	TRUE	0.0101236497172819	0.274995079529499	1101	16	0.012263340621229	13503000	83
20220604 221447	binary	custom	TRUE	TRUE	FALSE	-100	999983	-1	0	0	0	31	726	TRUE	0.0100419788852701	0.733643144663761	335	16	0.0130434359726945	12886000	84
20220604 221704	binary	custom	TRUE	TRUE	FALSE	-100	999983	-1	0	0	0	31	705	TRUE	0.0101126977532549	0.213531770620866	699	249	0.0107858918242748	12877000	85
20220604 221835	binary	custom	TRUE	TRUE	FALSE	-100	999983	-1	0	0	0	31	460	TRUE	0.0100340278941418	0.358690395422088	3380	122	0.0122955054331703	13101000	86
20220604 221956	binary	custom	TRUE	TRUE	FALSE	-100	999983	-1	0	0	0	31	562	TRUE	0.0105133023445379	0.258975324872753	1587	17	0.0155313140937486	13660000	87
20220604 222005	binary	custom	TRUE	TRUE	FALSE	-100	999983	-1	0	0	0	31	17	TRUE	0.287861269341891	0.677241539651301	4347	1023	0.022822417113665	12062000	88
20220604 222209	binary	custom	TRUE	TRUE	FALSE	-100	999983	-1	0	0	0	31	840	TRUE	0.010097229069564	0.535686468099723	8000	770	0.0134372479088798	13142000	89
20220604 222307	binary	custom	TRUE	TRUE	FALSE	-100	999983	-1	0	0	0	31	229	TRUE	0.0101538759673374	0.230148693570001	1293	21	0.0137811330253677	13180000	90
20220604 222425	binary	custom	TRUE	TRUE	FALSE	-100	999983	-1	0	0	0	31	427	TRUE	0.0108410222220625	0.613297483790741	4438	508	0.0155523036927893	13670000	91
20220604 222525	binary	custom	TRUE	TRUE	FALSE	-100	999983	-1	0	0	0	31	361	TRUE	0.0101375842054714	0.6803669109114	5226	895	0.0114857503011355	12955000	92
20220604 222658	binary	custom	TRUE	TRUE	FALSE	-100	999983	-1	0	0	0	31	542	TRUE	0.0103241621999349	0.210506640228594	1152	52	0.0212705832562903	12993000	93
20220604 222708	binary	custom	TRUE	TRUE	FALSE	-100	999983	-1	0	0	0	31	21	TRUE	0.29917678272431	0.422277962206852	7969	16	0.0154067797503278	12963000	94
20220604 222718	binary	custom	TRUE	TRUE	FALSE	-100	999983	-1	0	0	0	31	15	TRUE	0.299272634621933	0.32867843022606	7979	16	0.0214577564798856	12679000	95
20220604 222728	binary	custom	TRUE	TRUE	FALSE	-100	999983	-1	0	0	0	31	23	TRUE	0.186020554157696	0.66071784698491	4433	783	0.0164643479901215	12947000	96
20220604 222741	binary	custom	TRUE	TRUE	FALSE	-100	999983	-1	0	0	0	31	55	TRUE	0.140761623192732	0.202394444715412	4970	811	0.0163996146901654	13366000	97
20220604 222750	binary	custom	TRUE	TRUE	FALSE	-100	999983	-1	0	0	0	31	25	TRUE	0.220435823214236	0.20304055352397	6838	712	0.0155270153480797	13235000	98
20220604 222808	binary	custom	TRUE	TRUE	FALSE	-100	999983	-1	0	0	0	31	105	TRUE	0.107518795552398	0.256675037447861	7827	16	0.0164127229089235	13185000	99
20220604 222819	binary	custom	TRUE	TRUE	FALSE	-100	999983	-1	0	0	0	31	38	TRUE	0.202071028182828	0.260933494469498	7966	748	0.0210991097382463	13216000	100
20220604 222830	binary	custom	TRUE	TRUE	FALSE	-100	999983	-1	0	0	0	31	30	TRUE	0.190107957843529	0.267405158995196	7918	765	0.016582661476052	13236000	101
20220604 222843	binary	custom	TRUE	TRUE	FALSE	-100	999983	-1	0	0	0	31	61	TRUE	0.188265406805409	0.221196863339476	5038	675	0.0224606276690689	12442000	102
20220604 222854	binary	custom	TRUE	TRUE	FALSE	-100	999983	-1	0	0	0	31	17	TRUE	0.253065926749161	0.472778414552185	7978	944	0.0206793643678275	12782000	103
20220604 222904	binary	custom	TRUE	TRUE	FALSE	-100	999983	-1	0	0	0	31	16	TRUE	0.267986861652873	0.201110877332918	4999	742	0.0165772295479127	12709000	104
20220604 222915	binary	custom	TRUE	TRUE	FALSE	-100	999983	-1	0	0	0	31	47	TRUE	0.186745431052162	0.205329449411158	5356	795	0.0139991981652281	13035000	105
20220604 222925	binary	custom	TRUE	TRUE	FALSE	-100	999983	-1	0	0	0	31	23	TRUE	0.230051955855149	0.316633951007672	7996	135	0.0165755507940954	12894000	106
20220604 222933	binary	custom	TRUE	TRUE	FALSE	-100	999983	-1	0	0	0	31	26	TRUE	0.299024408936206	0.967872428075708	7971	46	0.0130035741265585	12322000	107
20220604 222948	binary	custom	TRUE	TRUE	FALSE	-100	999983	-1	0	0	0	31	54	TRUE	0.0844887524471457	0.268405557167918	7990	16	0.0213232973530194	12667000	108
20220604 223004	binary	custom	TRUE	TRUE	FALSE	-100	999983	-1	0	0	0	31	52	TRUE	0.0954324140546495	0.320615127165261	4452	765	0.0163870379239963	13011000	109
20220604 223029	binary	custom	TRUE	TRUE	FALSE	-100	999983	-1	0	0	0	31	114	TRUE	0.0566362102363087	0.396128410664948	5255	1023	0.0129137932632663	13043000	110
20220604 223043	binary	custom	TRUE	TRUE	FALSE	-100	999983	-1	0	0	0	31	71	TRUE	0.0673256302204713	0.704585230261669	7773	17	0.0141998852168612	13071000	111
20220604 223059	binary	custom	TRUE	TRUE	FALSE	-100	999983	-1	0	0	0	31	55	TRUE	0.119104784160128	0.537945522879084	4474	16	0.0164073008091383	13341000	112
20220604 223114	binary	custom	TRUE	TRUE	FALSE	-100	999983	-1	0	0	0	31	54	TRUE	0.120025747047193	0.35245662443368	7062	695	0.0166843477014866	13050000	113
20220604 223129	binary	custom	TRUE	TRUE	FALSE	-100	999983	-1	0	0	0	31	98	TRUE	0.115000192703316	0.642955718360934	5225	26	0.0227560926218994	12618000	114
20220604 223332	binary	custom	TRUE	TRUE	FALSE	-100	999983	-1	0	0	0	31	913	TRUE	0.0100725984914645	0.241338333755027	2784	506	0.0232711736836427	12831000	115
20220604 223345	binary	custom	TRUE	TRUE	FALSE	-100	999983	-1	0	0	0	31	16	TRUE	0.287180374065012	0.992994120687633	8000	164	0.0192980691739305	12730000	116
20220604 223355	binary	custom	TRUE	TRUE	FALSE	-100	999983	-1	0	0	0	31	31	TRUE	0.299919308384068	0.201173308869639	6733	530	0.019317172352085	12822000	117
20220604 223406	binary	custom	TRUE	TRUE	FALSE	-100	999983	-1	0	0	0	31	47	TRUE	0.27451486575353	0.200408519552187	7987	418	0.0143092544126063	12784000	118
20220604 223416	binary	custom	TRUE	TRUE	FALSE	-100	999983	-1	0	0	0	31	29	TRUE	0.299953795667125	0.225611392109696	5873	21	0.0102779132455448	11614000	119
20220604 223424	binary	custom	TRUE	TRUE	FALSE	-100	999983	-1	0	0	0	31	22	TRUE	0.25507140031332	0.882045054645922	6980	18	0.0150237763883358	12208000	120
