Feature	Gain	Cover	Frequency
ctrx_quarter_normalizado	0.146488106109449	0.0078008899065079	0.00395220222543468
ctrx_quarter	0.0662922995570419	0.00682571014775212	0.00377979071895598
mcaja_ahorro	0.0542738432775791	0.0062803229396656	0.00645880028116338
mtarjeta_visa_consumo	0.052633238775767	0.0103977320088092	0.00664447421121736
mcuentas_saldo	0.0468426267775837	0.0134461765027427	0.0115780957812231
mdescubierto_preacordado	0.0230926465068919	0.00161645741728227	0.00112730600389915
cpayroll_trx	0.0195362050681927	0.00883543693711778	0.00306361984589064
mv_status07	0.0182354789925685	0.000369307528724417	0.000185673930053978
foto_mes	0.0155870066883493	0.0274596333790882	0.0181695202981393
ctarjeta_visa_trx	0.0150330282165555	0.00520584872324516	0.00527844458296309
mprestamos_personales	0.0150111058524032	0.0107702077761154	0.00490709672285514
mpayroll	0.0134758541303378	0.0101252968090464	0.00395220222543468
mprestamos_personales_mean6	0.0127361620986604	0.0038137549944362	0.0030105701515895
mpasivos_margen	0.0126366548291959	0.00496804905158173	0.00404503919046167
mdescubierto_preacordado_delta1	0.0122621679075926	0.00676127757456213	0.00187000172411506
mcuenta_corriente	0.0108969420411835	0.00415094838565435	0.00685667298842191
Visa_status_mean6	0.0101830450902145	0.00278731608383406	0.000769220567366481
cproductos_delta1	0.00956929010154987	0.00479169774456933	0.00122014296892614
mv_status01_mean6	0.00951504692754031	0.00199499023866542	0.00116709327462501
mpayroll_sobre_edad	0.00917782273215686	0.00799599847707985	0.00315645681091763
mdescubierto_preacordado_mean6	0.00624807743900656	0.00284768711917564	0.00225461200779831
mv_status07_delta1	0.00526264701498561	0.000462062885623233	0.000172411506478694
Visa_Finiciomora_mean6	0.00520234492713543	0.00225439054487653	0.00107425630959802
mactivos_margen	0.00503241484958202	0.00637430552922847	0.00730759538998157
mv_Finiciomora	0.00491735619645863	0.00855370668997648	0.00205567565416904
mpasivos_margen_mean6	0.00475490588802724	0.00171546650423099	0.00322276892879405
Visa_Finiciomora	0.00462760866768367	0.00627380820685647	0.00137929205182955
mcaja_ahorro_dolares_delta1	0.00452835963053454	0.00849646324145952	0.00436333735626848
Visa_msaldopesos	0.0044576069930071	0.00284995131811182	0.0029309956101378
cprestamos_personales_mean6	0.00441709357541454	0.00361927288823034	0.00263922229148155
cprestamos_personales	0.0042498083007387	0.00128777606516493	0.00118035569820029
mcaja_ahorro_lag1	0.00410020997403005	0.00286068228487375	0.00507950822933383
mcuenta_corriente_mean6	0.00406510865688597	0.00581209143860907	0.0086205753239347
mprestamos_personales_delta1	0.00394199373396342	0.011813813912229	0.00441638705056962
mrentabilidad_mean6	0.00391617113242196	0.00198676639973523	0.00344823012957388
Visa_status	0.00378183699660537	0.000691348439402809	0.000278510895080967
mactivos_margen_mean6	0.00373214817687045	0.0031582206376274	0.00450922401559661
mv_status05_delta1	0.00364506557775084	0.00168576254242535	0.000464184825134945
mv_status01	0.00358677758146264	0.000685288844591059	0.000397872707258524
mv_msaldototal	0.0035648343012921	0.000779325136049086	0.0015914908290341
ccaja_ahorro	0.0035474525891282	0.00788897389145653	0.00248007320857814
ctrx_quarter_mean6	0.00332177291304321	0.00175141426412314	0.00220156231349717
mcuenta_corriente_lag1	0.00326493150376865	0.00230988296514784	0.0040980888847628
ctrx_quarter_delta1	0.00322169514203034	0.00288453782157793	0.00505298338218326
mv_msaldopesos	0.00319456156672309	0.00125971607427849	0.00161801567618467
mcomisiones_mantenimiento	0.00317646596736157	0.00696383852458128	0.00496014641715627
mprestamos_personales_lag1	0.00314555758136126	0.00131010017395381	0.00111404358032387
ctrx_quarter_normalizado_delta1	0.0031392107008644	0.00339679592633989	0.00484078460497871
mautoservicio	0.00312281510936927	0.00382356355896901	0.00179042718266336
mv_status04_delta1	0.00304996000451568	0.00324693599517984	0.0010079441917216
ccomisiones_mantenimiento_delta1	0.00299742426271957	0.00319607296699016	0.00164454052333523
mrentabilidad_annual_delta1	0.00298301052239773	0.00521067819819418	0.00783809233299293
cproductos	0.00297889282847595	0.00667064973661475	0.00600787787960372
mv_mpagospesos_mean6	0.00297871087275606	0.00156862346469879	0.00181695202981393
Master_status_mean6	0.00290897210286229	0.000574178641882472	0.000397872707258524
mcaja_ahorro_mean6	0.00286801661318151	0.00433260647929889	0.00591504091457673
cliente_edad_mean6	0.00281284387872393	0.0059516041117096	0.00795745414517049
mv_status02_mean6	0.0026848223810093	0.00131796675092133	0.000968156920995743
cliente_edad_lag1	0.0025429421231121	0.00515232762447757	0.00763915597936367
mtransferencias_recibidas	0.00251190524109519	0.00528827166228559	0.00399198949616053
thomebanking_mean6	0.00249431072515628	0.00210992921326613	0.0031829816580682
ccomisiones_mantenimiento	0.0024226642062431	0.00446816911816342	0.0015914908290341
mv_Finiciomora_mean6	0.0023711201472709	0.0023400019906334	0.00131297993395313
ccomisiones_mantenimiento_mean6	0.00232435513296806	0.00645094564032108	0.00438986220341905
mcuentas_saldo_delta1	0.00232175587580331	0.00754122085984515	0.00550390578374292
mrentabilidad_annual_mean6	0.00231210086188555	0.00414367616740378	0.00590177849100145
cliente_edad	0.00230097331263891	0.00554740293932521	0.00748000689646026
mcuentas_saldo_mean6	0.00226818092753931	0.00182183217337525	0.00400525191973581
mv_status06_mean6	0.00222776963716664	0.000108524889537015	0.000145886659328126
ctrx_quarter_normalizado_mean6	0.00222253594314621	0.00119263426533851	0.00164454052333523
mcomisiones_mantenimiento_mean6	0.00215207679154267	0.00189468624311595	0.00335539316454689
mtransferencias_emitidas_mean6	0.00214757113804884	0.00363589304733888	0.00531823185368894
ccallcenter_trx	0.0021175584829318	0.00552685312960322	0.00228113685494887
thomebanking	0.00193170843260924	0.00223416335073324	0.00205567565416904
mv_status04	0.00188463886526111	0.000634373327129666	0.000291773318656251
cpayroll_trx_mean6	0.00187384184030191	0.000978738635316806	0.00102120661529688
mcuentas_saldo_lag1	0.00183240828836373	0.00529363474929167	0.00478773491067758
tcallcenter	0.00182678839657197	0.00140040597376223	0.0010079441917216
Master_status	0.00182419158712265	0.000444104914141796	0.000265248471505683
mcuenta_corriente_delta1	0.00181593749081625	0.00359844261603014	0.00371347860107956
mcuenta_debitos_automaticos	0.0017720427475371	0.00705029297460402	0.00311666954019178
mcaja_ahorro_delta1	0.00174271616398289	0.00650051110368725	0.00425723796766621
mtarjeta_visa_debitos_automaticos_mean6	0.00173521070907077	0.00262464207207609	0.00383284041325712
mcomisiones_mean6	0.00165601957961028	0.0015659182750387	0.00316971923449291
mcomisiones_otras_mean6	0.00164749923737627	0.00244555577951337	0.00322276892879405
mv_mpagospesos	0.00163465521536637	0.000790026018200947	0.00116709327462501
chomebanking_trx_delta1	0.00163090109862778	0.00648574071501867	0.00363390405962786
Visa_cconsumos_mean6	0.00162125895945995	0.00306493750081283	0.00372674102465485
Visa_fechaalta_lag1	0.00161182630432508	0.00286985861064315	0.0032625561995199
mrentabilidad_annual_lag1	0.00159646521539042	0.00183002338696053	0.00433681250911792
ccaja_ahorro_mean6	0.00156106750435132	0.00267643558665116	0.00193631384199149
ctransferencias_recibidas_mean6	0.00154982450450182	0.00284611099742503	0.00454901128632246
Visa_mpagospesos_mean6	0.00154954846219978	0.00381852343400547	0.00396546464900996
mv_mpagominimo	0.00154042141469653	0.00332184777140828	0.00279837137438496
ctarjeta_visa_debitos_automaticos_mean6	0.00153899768708845	0.00583894729442075	0.00416440100263922
tmobile_app	0.00148034953235356	0.00110615937394923	0.00241376109070171
numero_de_cliente	0.00147711318179303	0.00254621137811613	0.00481425975782815
mrentabilidad	0.00145914986769516	0.00238832312911941	0.00372674102465485
cproductos_mean6	0.00142324148691444	0.00270605287475292	0.00446943674487076
Master_fultimo_cierre_mean6	0.00141588272396526	0.00183012357275417	0.0042705003912415
mactivos_margen_lag1	0.00140938786062085	0.00257289273164057	0.00428376281481678
mactivos_margen_delta1	0.00136251380023149	0.00246562567907346	0.00362064163605257
Visa_msaldototal	0.00135832831039987	0.00197490353560911	0.00246681078500285
mrentabilidad_annual	0.001351100946269	0.00182346765593038	0.00330234347024575
cplazo_fijo	0.00135061329428221	0.00604593997890099	0.00112730600389915
Visa_fechaalta_mean6	0.001337290614226	0.0026725820425945	0.00387262768398297
mpagomiscuentas	0.0013339282298736	0.00493138064690308	0.00204241323059376
ctrx_quarter_lag1	0.00133182138214722	0.000740148795123054	0.00164454052333523
tcallcenter_mean6	0.00132492780530681	0.00352694524094159	0.00240049866712643
ctransferencias_emitidas_mean6	0.00132421189471019	0.00137756476769265	0.0026790095622074
Visa_mpagominimo_mean6	0.00131623731303673	0.00211598967423748	0.00262595986790626
mcomisiones	0.00131052208928164	0.00242872058184834	0.00305035742231535
ccaja_seguridad	0.00130772491223168	0.00493509468152031	0.00129971751037785
mcomisiones_otras	0.0012884458957436	0.00299809862076843	0.00335539316454689
mv_fultimo_cierre_mean6	0.00128549070836807	0.00256142477854769	0.00411135130833809
chomebanking_trx	0.00127640349082619	0.00407068229950377	0.00343496770599859
mpayroll_mean6	0.00124939700085547	0.00291447200860503	0.0021750374663466
Visa_mpagominimo	0.00122243153312697	0.00216171984064254	0.0032625561995199
mpayroll_lag1	0.001221298586058	0.00188914368784093	0.0016710653704858
chomebanking_trx_mean6	0.00120671339489353	0.00127554918303127	0.00322276892879405
mcaja_ahorro_dolares_mean6	0.00118726870169376	0.00172965679694403	0.00303709499874007
Visa_fultimo_cierre_mean6	0.00116306828636557	0.00244266598237071	0.0038461028368324
ccomisiones_otras_mean6	0.00113862435616796	0.0055534739096997	0.00404503919046167
Visa_Fvencimiento	0.00113825652877862	0.00211534571344749	0.00389915253113354
mtransferencias_recibidas_mean6	0.00112839017011724	0.00239521718208899	0.00372674102465485
mvr_mpagominimo	0.00110687336359619	0.00363329185457466	0.0030105701515895
mv_status06	0.00110042175545288	0.00016852913516034	0.000145886659328126
mv_status02	0.0010950220921576	0.000239544001608187	0.00015914908290341
Visa_mfinanciacion_limite	0.00107939668647016	0.00165503639680475	0.00291773318656251
mrentabilidad_delta1	0.00107321833955457	0.00242376765028445	0.00339518043527274
Master_fechaalta_mean6	0.00106254111538185	0.00249930508246335	0.0040185143433111
Master_fechaalta	0.00104813412746666	0.00623514457466917	0.00416440100263922
canarito49	0.00103483160881627	0.00279031305379112	0.0037665282953807
ctrx_quarter_normalizado_lag1	0.00100567413452702	0.00124093201751535	0.00179042718266336
cpayroll_trx_lag1	0.000998969019021068	0.000642928731954408	0.00031829816580682
cliente_antiguedad_mean6	0.000981750067650974	0.00175782494229242	0.00343496770599859
mvr_mpagospesos	0.000956263388495123	0.00099399499726449	0.00137929205182955
mpayroll_sobre_edad_mean6	0.000954052339265481	0.00213765682984239	0.00185673930053978
Master_mfinanciacion_limite	0.000952137737352	0.00155951689364912	0.0026790095622074
Master_Fvencimiento	0.00094046118916829	0.0014713782251578	0.00336865558812217
cliente_antiguedad_lag1	0.000940456407660651	0.00178802613745195	0.00320950650521876
mv_fechaalta_mean6	0.00093351957443883	0.00281135755613218	0.00327581862309518
mvr_msaldopesos2	0.000926660428163034	0.00175152311151277	0.00270553440935797
mcomisiones_mantenimiento_lag1	0.000917628111449778	0.00556548251961437	0.00261269744433098
Visa_delinquency_lag1	0.000917528163867136	0.00224766227485423	0.000809007838092333
Visa_fechaalta	0.000904044042309659	0.00140628615804901	0.00298404530443893
mv_cconsumos_mean6	0.000900297758743708	0.00215972010910398	0.00255964775002984
ccallcenter_trx_mean6	0.000893711170290366	0.00232381098473425	0.00277184652723439
cliente_antiguedad	0.000884449364273181	0.0016544941231517	0.00285142106868609
canarito39	0.000881084992076499	0.00237467551426724	0.00347475497672445
Visa_mfinanciacion_limite_mean6	0.000869491761621079	0.00136349839354626	0.00232092412567473
Visa_Fvencimiento_lag1	0.000868921433314625	0.0010801411522139	0.00285142106868609
mv_Fvencimiento	0.000864296678511736	0.00134661451771176	0.0032625561995199
mpayroll_sobre_edad_delta1	0.000855105790594008	0.00732078497417814	0.00266574713863211
Master_Fvencimiento_mean6	0.000853102022858801	0.00120144472529322	0.00310340711661649
mv_mpagominimo_mean6	0.000833428534383008	0.00181097717255871	0.00248007320857814
Visa_mconsumospesos_mean6	0.00082889343992568	0.000886333380127971	0.00234744897282529
mvr_mpagominimo_mean6	0.000827273585710596	0.00229763131084964	0.00328908104667047
canarito12	0.0008209107258969	0.00313090028929467	0.00324929377594462
mpasivos_margen_lag1	0.000814002995206376	0.00163823463290024	0.00266574713863211
cprestamos_personales_delta1	0.000811669550831597	0.00115657638768932	0.000371347860107956
mvr_mpagominimo_lag1	0.000809321797395066	0.00205304360415157	0.00210872534847018
ccajas_trx_mean6	0.00080276210578812	0.0030496978846174	0.00381957798968183
mv_Fvencimiento_mean6	0.000799610646940497	0.00109521712198907	0.00290447076298723
Master_fechaalta_lag1	0.000796225342472766	0.00196123900177276	0.00347475497672445
mv_fechaalta	0.000790048708227006	0.00155523592870226	0.00278510895080967
Visa_mpagado_mean6	0.00078857177849955	0.00226755726791926	0.0020954629248949
Visa_delinquency_mean6	0.000788498100464704	0.000909687756888068	0.000649858755188923
mrentabilidad_lag1	0.00078777803094318	0.00111922954906863	0.00298404530443893
Master_Fvencimiento_lag1	0.000785711097095173	0.00114809541484613	0.00297078288086365
cmobile_app_trx_mean6	0.000779222884129568	0.00127387160511961	0.00285142106868609
mv_fechaalta_lag1	0.000776636707218059	0.00172428239211919	0.0026790095622074
ccajas_extracciones_mean6	0.000768334940474727	0.00425949573759697	0.00255964775002984
mtarjeta_master_consumo	0.000765115505834724	0.00135453121644808	0.000755958143791196
Visa_mpagospesos	0.000759963708498943	0.00131002400965306	0.00228113685494887
mvr_msaldopesos_lag1	0.00075988770891616	0.00209553058029751	0.00124666781607671
mpasivos_margen_delta1	0.000757533219835135	0.00130570591533138	0.00274532168008382
internet	0.000756033107556082	0.00106895487422267	0.00175063991193751
mcaja_ahorro_dolares	0.000749835276871915	0.00285456315602556	0.00245354836142757
Visa_mpagominimo_lag1	0.000749261277262237	0.000795682675567168	0.0020954629248949
ctarjeta_debito_mean6	0.000748973259739653	0.00155934279556969	0.00259943502075569
canarito3	0.000744657910524175	0.00184899817206741	0.00289120833941194
canarito21	0.000742304322886105	0.00177484266865698	0.00344823012957388
Visa_mlimitecompra_mean6	0.000735592509127893	0.00107731510441774	0.00202915080701847
Visa_Fvencimiento_mean6	0.000735580973008811	0.000920267030232208	0.00261269744433098
ccaja_ahorro_delta1	0.000730539311261786	0.0146226577577164	0.00202915080701847
mv_Fvencimiento_lag1	0.000722572368194158	0.00102444714773189	0.0025065980557287
mcomisiones_lag1	0.000700098992632253	0.000773999062929878	0.00222808716064774
canarito42	0.000699263905037269	0.00124261028835468	0.00294425803371308
ctarjeta_visa_trx_mean6	0.000699204901371162	0.00188202264331239	0.00212198777204546
tpaquete7_mean6	0.000695641984716361	0.00352943412167779	0.000636596331613639
canarito56	0.000687929309173314	0.00136033119435598	0.00282489622153552
Visa_mconsumospesos	0.000682529757594127	0.0010834185269052	0.00226787443137359
canarito23	0.000663066101789646	0.00129470799818098	0.00270553440935797
ctarjeta_visa_trx_lag1	0.000661686159697725	0.0022764244901997	0.00237397381997586
cproductos_lag1	0.00065786865643863	0.00218436668049807	0.00237397381997586
mv_msaldototal_mean6	0.00065671132367724	0.00358627780866775	0.00164454052333523
mcaja_ahorro_dolares_lag1	0.000651774011842721	0.00107259655564138	0.00214851261919603
ccallcenter_trx_delta1	0.000649551369589536	0.000693672865303115	0.000437659977984377
tmobile_app_delta1	0.000647690136457107	0.000604008485549861	0.00175063991193751
internet_mean6	0.000644635881716318	0.00133945755643185	0.00155170355830825
canarito22	0.000644221785435267	0.000934795760372624	0.00266574713863211
Master_mfinanciacion_limite_lag1	0.000640030248421036	0.00285851226635799	0.00212198777204546
canarito26	0.000639159034699795	0.00111828687870488	0.00254638532645456
canarito53	0.00063611546266031	0.00246412641455128	0.00255964775002984
canarito52	0.000635115329776571	0.00120379525146944	0.00254638532645456
canarito25	0.000635112478425804	0.00181753255712502	0.00251986047930399
canarito33	0.000631976663634078	0.000786672825672733	0.00249333563215342
mcomisiones_otras_lag1	0.000631436593895898	0.000820910728772168	0.00213525019562075
canarito13	0.00062954306219894	0.00104116269988429	0.00266574713863211
ctarjeta_master_mean6	0.00062489611185858	2.55780394270334e-05	9.2836965026989e-05
canarito41	0.000623619954244432	0.00131621901408214	0.0026790095622074
canarito5	0.000623466602799217	0.0013126858913332	0.00251986047930399
mtransferencias_emitidas	0.000613039546650217	0.00246164457857982	0.00315645681091763
mv_mlimitecompra_mean6	0.00060578739740089	0.000749758720387787	0.00155170355830825
canarito10	0.000603661676670854	0.00134444253590091	0.00258617259718041
canarito8	0.000598193183644747	0.00128354989924871	0.00246681078500285
ccajas_consultas_mean6	0.000597442269828954	0.0046314180866633	0.00240049866712643
ctarjeta_debito_trx_mean6	0.000595583921930826	0.0021183026090871	0.00263922229148155
canarito7	0.000594356203312206	0.00140179477406352	0.00241376109070171
canarito24	0.000586045583057834	0.000966723038381366	0.00270553440935797
canarito17	0.000585959876502385	0.00102028438469833	0.00237397381997586
mcomisiones_delta1	0.0005829548215389	0.0017394237280721	0.00204241323059376
mcomisiones_otras_delta1	0.000582111898675815	0.00146139706388887	0.00206893807774433
Visa_mpagominimo_delta1	0.000581430679468278	0.000756497615301171	0.00135276720467898
ccajas_consultas	0.000579554182454044	0.0032141614398512	0.000782482990941765
Visa_mlimitecompra	0.000579185361531695	0.000954178102442893	0.00169759021763637
Visa_mconsumosdolares_mean6	0.000579105164201374	0.000818419191813197	0.00218829988992188
canarito50	0.000577763945208633	0.00112936061369219	0.00246681078500285
ccaja_seguridad_lag1	0.000576893013556717	0.00098016462273689	0.000411135130833809
canarito29	0.000572433196831546	0.00118320375059875	0.00249333563215342
canarito19	0.000570643807970432	0.00109878575728158	0.00245354836142757
canarito48	0.000570019313480095	0.000775209838561557	0.00255964775002984
canarito18	0.000565085464227286	0.000979571823107225	0.00249333563215342
canarito44	0.000561550219514414	0.000736288725997411	0.00222808716064774
mforex_sell_mean6	0.000559192450094799	0.00192137100353482	0.00179042718266336
mv_mpagominimo_delta1	0.000559131163900827	0.00168564976844554	0.00136602962825427
mtransferencias_recibidas_lag1	0.000556857970661826	0.00241070965914341	0.00193631384199149
ctarjeta_master	0.000554036081888041	5.18713534510531e-05	0.000106099388602273
mtarjeta_visa_debitos_automaticos_delta1	0.000553766756497505	0.00347503040627866	0.00147212901685654
mcomisiones_mantenimiento_delta1	0.000551794724680846	0.00359802605100692	0.00104773146244745
canarito11	0.000549681874502498	0.000822924549840215	0.00238723624355115
Visa_msaldopesos_mean6	0.000547236648469182	0.000648162703436239	0.00137929205182955
canarito43	0.000546717930654871	0.000940210932442599	0.00237397381997586
mpayroll_delta1	0.000544207957625204	0.00465984365464456	0.0018434768769645
canarito36	0.000535970102740154	0.00121017151423065	0.00221482473707245
mv_mfinanciacion_limite_mean6	0.000531666822162645	0.000598247773543795	0.00163127809975995
canarito35	0.000530860744172344	0.000983581449123656	0.00222808716064774
canarito9	0.00053060738283112	0.000957144814557962	0.00218829988992188
mvr_msaldototal_lag1	0.000530493748220845	0.00120788433319311	0.00103446903887216
ccomisiones_otras	0.000529037579639469	0.00262666270693298	0.00180368960623864
canarito57	0.000527939287464055	0.000758613700945893	0.00218829988992188
Visa_msaldototal_mean6	0.000527662251155784	0.00101046611917801	0.00149865386400711
Visa_mpagospesos_lag1	0.000526441577040901	0.00104635677028059	0.00201588838344319
chomebanking_trx_lag1	0.000524300582785576	0.000714597664387568	0.00229439927852416
mextraccion_autoservicio_mean6	0.000524015771109303	0.0010239114568918	0.00185673930053978
Visa_mpagospesos_delta1	0.000523086783507951	0.00123876517491812	0.00202915080701847
canarito31	0.000523035320668958	0.000827655802290693	0.00224134958422302
mvr_msaldopesos	0.000522121549374862	0.00118494086254685	0.00125993023965199
mv_mfinanciacion_limite	0.000521801734824715	0.000632435901338265	0.00137929205182955
mvr_msaldopesos2_mean6	0.000520955024723982	0.00112136307339328	0.0029309956101378
Visa_mlimitecompra_lag1	0.00051625512105978	0.000566309408692184	0.00131297993395313
Visa_fultimo_cierre	0.000515667930577221	0.000682275995041341	0.00177716475908808
canarito15	0.000515241310440863	0.000804429963615111	0.00213525019562075
canarito30	0.000513522398639681	0.000693447837039253	0.00221482473707245
cmobile_app_trx_lag1	0.000512719388194262	0.00101790960605332	0.00193631384199149
Master_mlimitecompra	0.000505942623880693	0.000570462412994263	0.00164454052333523
cextraccion_autoservicio_mean6	0.000504771621589811	0.000959597258847024	0.00208220050131961
Master_mfinanciacion_limite_mean6	0.000502143923828002	0.00071557856126163	0.00156496598188353
tmobile_app_mean6	0.000500085404137461	0.000704505807921862	0.00187000172411506
canarito55	0.00049614500587438	0.000732007472330683	0.00230766170209944
canarito6	0.000493899232685994	0.000787266549205971	0.00201588838344319
Master_msaldopesos	0.000493762039731088	0.00219068323599091	0.00107425630959802
canarito37	0.000492242036692877	0.000747623001792152	0.00222808716064774
Visa_cconsumos	0.000487704682309457	0.000548487770731654	0.00139255447540484
canarito32	0.0004870562860976	0.000634477612745405	0.00206893807774433
canarito4	0.000486587040745519	0.000704095536991726	0.00214851261919603
canarito59	0.000485512341870913	0.000694686733985918	0.00213525019562075
canarito27	0.000484447988661885	0.00131413618896603	0.00233418654925001
mtransferencias_emitidas_lag1	0.000481985165187846	0.00107640309610379	0.00198936353629262
Visa_mconsumospesos_lag1	0.000480366256637469	0.00101223920562146	0.00179042718266336
canarito45	0.000480332212951528	0.00119113765703911	0.00202915080701847
canarito20	0.000480203503720089	0.000626015348949558	0.0021750374663466
canarito40	0.000477134907931046	0.000763480247525759	0.00198936353629262
canarito16	0.00047003446468052	0.000921477343912101	0.00208220050131961
canarito46	0.000459674919752827	0.0009465336087966	0.00201588838344319
Master_mlimitecompra_mean6	0.000454197208329974	0.000679238200095167	0.00168432779406109
Visa_mfinanciacion_limite_lag1	0.000454121951993726	0.000586560046888624	0.00136602962825427
Master_mpagominimo_mean6	0.000452936999603636	0.000803395249357955	0.00132624235752841
mtarjeta_visa_consumo_lag1	0.00045229900615139	0.0011172193658709	0.00161801567618467
mautoservicio_mean6	0.000449036377134477	0.000776262626682349	0.00179042718266336
canarito34	0.000446316032030541	0.00069655492475336	0.00204241323059376
canarito58	0.000445577093963785	0.000614557558795977	0.00190978899484092
mplazo_fijo_dolares	0.000445575782010518	0.00424243909179442	0.00092836965026989
ccaja_seguridad_mean6	0.000442485824216925	0.000744804807176352	0.000344823012957388
mtransferencias_emitidas_delta1	0.000440301562128172	0.00230143669643259	0.00187000172411506
canarito47	0.000439497337877007	0.000837236566848921	0.00205567565416904
canarito14	0.000439242280909993	0.000727945530274462	0.00208220050131961
Visa_cconsumos_lag1	0.000435909267847884	0.000869795506181344	0.00156496598188353
mtarjeta_visa_debitos_automaticos	0.000433956754263415	0.00114430417653663	0.00137929205182955
canarito60	0.000433124881057072	0.000574989598243179	0.00196283868914205
canarito2	0.000431452115704116	0.00092382244215484	0.00202915080701847
cpagomiscuentas_mean6	0.000429875035259567	0.00111098134218173	0.0018434768769645
ccaja_ahorro_lag1	0.00042932359024825	0.000500563564317947	0.000570284213737218
canarito38	0.000428175835907221	0.000640184796088243	0.00198936353629262
mv_msaldopesos_mean6	0.000425741045322407	0.000856365412876502	0.00137929205182955
Master_cconsumos_mean6	0.000422690853939459	0.00116358263719898	0.00168432779406109
canarito28	0.000422027586368756	0.000715362829777466	0.00216177504277132
mvr_mconsumospesos_mean6	0.000420740063260087	0.000541464198030013	0.0014190793225554
ctarjeta_visa_trx_delta1	0.000420705631495392	0.00154853168017284	0.0010875187331733
ccajas_depositos_mean6	0.000420229767696203	0.0049843039800593	0.00128645508680256
Master_mpagominimo	0.000420177439217128	0.00136119013595848	0.00120688054535086
canarito51	0.000415961480808972	0.000601605527845899	0.00196283868914205
matm_mean6	0.000414808158314949	0.00073637591939706	0.00161801567618467
Visa_mconsumosdolares_lag1	0.000410449191710186	0.000667627215180482	0.00152517871115768
mvr_msaldototal	0.000409949164348759	0.000745348062476945	0.00106099388602273
Master_fultimo_cierre	0.00040918652976049	0.000563887106757173	0.00153844113473296
Master_mfinanciacion_limite_delta1	0.000408765627425249	0.00315860752224836	0.00092836965026989
catm_trx_mean6	0.000407244903415821	0.000738524630386682	0.00147212901685654
ccuenta_debitos_automaticos_mean6	0.000405598558082684	0.00304212141337163	0.00157822840545881
mcuenta_debitos_automaticos_mean6	0.000405325975937923	0.00112085706295545	0.00156496598188353
mvr_mpagospesos_mean6	0.000405255520703332	0.000843754995272332	0.00151191628758239
Master_mconsumospesos_mean6	0.000402644632020628	0.00111368370238713	0.00185673930053978
cmobile_app_trx	0.000399722102537133	0.000836330794884093	0.00145886659328126
mvr_mpagominimo_delta1	0.000398859669955954	0.00137248751335429	0.00111404358032387
mpayroll_sobre_edad_lag1	0.000398703549623627	0.000986560171985167	0.00125993023965199
mvr_Visa_mlimitecompra_mean6	0.000392266000810425	0.000801776454811098	0.00149865386400711
Master_msaldototal	0.0003922167896357	0.00103781886187975	0.00103446903887216
ctransferencias_recibidas	0.000391013741446638	0.0012745391254507	0.00116709327462501
canarito1	0.000389666831413242	0.000674837705123622	0.00181695202981393
mv_mpagominimo_lag1	0.000387966563805559	0.00129651422966509	0.00144560416970597
Master_msaldototal_mean6	0.000384702422853499	0.000809208854843543	0.00139255447540484
tpaquete7	0.000383429521378474	0.000726914915839409	0.000185673930053978
mvr_Master_mlimitecompra_mean6	0.000383320157940607	0.000864618989952924	0.00136602962825427
mv_fultimo_cierre	0.000382935321317836	0.000655993883348137	0.00176390233551279
ccomisiones_otras_lag1	0.000380487061642054	0.00209492311369863	0.00147212901685654
mtarjeta_visa_debitos_automaticos_lag1	0.000378747350189372	0.00275936286155421	0.00145886659328126
Master_mlimitecompra_lag1	0.000377540090745277	0.0012312689677952	0.0013395047811037
mvr_msaldopesos_mean6	0.000376708679918484	0.000583241847208215	0.00112730600389915
mprestamos_prendarios	0.000376534732725713	0.00427542701110432	0.000596809060887787
mv_msaldototal_lag1	0.000374539662872324	0.000718353563385418	0.000649858755188923
mv_msaldopesos_lag1	0.000373200204852262	0.000704368088545595	0.000848795108818185
cplazo_fijo_mean6	0.000370360966134497	0.00210806333225762	0.000490709672285514
Master_msaldopesos_mean6	0.000366913677417524	0.000497125257173121	0.00118035569820029
Master_mpagospesos_mean6	0.000365123549470058	0.00143800908013632	0.00173737748836222
Master_fultimo_cierre_lag1	0.000360943380025537	0.000554577969849241	0.00132624235752841
mplazo_fijo_dolares_mean6	0.000360272866422374	0.00203599152012291	0.000716170873065344
mv_cconsumos_delta1	0.000359837829931189	0.00306354182897872	0.000981419344571027
canarito54	0.000358752266613101	0.000575093479651105	0.00168432779406109
ctarjeta_visa_descuentos_mean6	0.000358742200345924	0.00491037061771407	0.00107425630959802
Visa_msaldopesos_lag1	0.00034671535718821	0.000991124371120954	0.00115383085104972
mvr_Master_mlimitecompra	0.000344112412179036	0.00052191087605487	0.00122014296892614
Visa_mconsumototal_mean6	0.000342463121451218	0.000390668237063141	0.00120688054535086
Visa_msaldopesos_delta1	0.000331887560372259	0.00150921935218974	0.00125993023965199
mvr_msaldopesos2_lag1	0.000331484916409383	0.000805232200635853	0.00157822840545881
mpagomiscuentas_mean6	0.000330611015260091	0.00058645760908003	0.00131297993395313
mtarjeta_visa_consumo_mean6	0.00032838256140146	0.000425277260678829	0.000994681768146311
mvr_Visa_mlimitecompra	0.000327808164669182	0.000401161067679285	0.00111404358032387
mv_status05_mean6	0.000324356912679294	0.00023790210947202	0.000477447248710229
Visa_msaldototal_lag1	0.00032079167347936	0.000428328105762963	0.000994681768146311
mvr_msaldototal_mean6	0.000319633077263712	0.000393830470271727	0.00114056842747444
Visa_mconsumospesos_delta1	0.000308414758287518	0.000538045466092128	0.00118035569820029
mdescubierto_preacordado_lag1	0.000307645955374827	0.000554708182508982	0.000530496943011366
mcuenta_debitos_automaticos_lag1	0.00030546960706777	0.000969218444186546	0.000994681768146311
mpagomiscuentas_lag1	0.000304108745719612	0.00185737116368057	0.00135276720467898
mv_mconsumosdolares_mean6	0.000301292846208781	0.000460814807384817	0.00106099388602273
mvr_Visa_mlimitecompra_lag1	0.000295895045256858	0.000510313460973904	0.00102120661529688
mtransferencias_recibidas_delta1	0.000293204856136468	0.00114514319646835	0.00129971751037785
mv_mfinanciacion_limite_delta1	0.000292122632919713	0.00312151966534782	0.000742695720215912
Visa_cconsumos_delta1	0.000291403479589829	0.00121993492297635	0.00112730600389915
internet_delta1	0.000291011236583725	0.000337410855021512	0.000835532685242901
cliente_vip_lag1	0.00028753328638408	0.00026574452106715	0.000358085436532672
mtarjeta_master_consumo_lag1	0.000287096090428575	0.000739755731896955	0.000557021790161934
cprestamos_hipotecarios_mean6	0.000286690390872882	0.00451216257682819	0.000636596331613639
Master_mpagominimo_lag1	0.00028573670314311	0.000656360904042288	0.000822270261667617
cliente_vip_delta1	0.000284608923908818	0.000329090930119794	0.000464184825134945
mvr_mconsumosdolares_mean6	0.000280887657197044	0.000374482774585425	0.00102120661529688
mvr_Master_mlimitecompra_lag1	0.000280622767192609	0.000687971571845551	0.000915107226694606
Master_mpagominimo_delta1	0.000280106623605351	0.00136418081182246	0.000676383602339492
internet_lag1	0.00027976114542487	0.000635648776011415	0.0010079441917216
mvr_mpagospesos_lag1	0.000278097400463242	0.000447458510877823	0.00112730600389915
mvr_msaldodolares2_mean6	0.000276582294265505	0.000662669433122836	0.00115383085104972
mv_fultimo_cierre_delta1	0.000272535835843922	0.000357871334816842	0.000782482990941765
mv_cconsumos	0.000272514857958264	0.00038341403493223	0.000663121178764207
mv_mconsumospesos_mean6	0.000271569634274359	0.00115574013946832	0.00106099388602273
mv_cconsumos_lag1	0.000270087903979905	0.000688102939384757	0.000941632073845174
Visa_msaldototal_delta1	0.00026987148673569	0.000697756634581234	0.00118035569820029
mvr_mpagospesos_delta1	0.000269017508348375	0.00070971171583268	0.00114056842747444
mvr_mconsumospesos	0.000268410798661065	0.000443086079477291	0.000968156920995743
Visa_mconsumosdolares	0.000265383012116151	0.000652601136198228	0.00110078115674858
Master_fultimo_cierre_delta1	0.000263391214601228	0.000263809347290707	0.000663121178764207
Master_mpagospesos	0.000257790162665614	0.00144919651300702	0.00115383085104972
mv_mlimitecompra	0.000255374161651651	0.000257529228245011	0.000742695720215912
Visa_fultimo_cierre_lag1	0.000248404340595421	0.00047766657757018	0.0010875187331733
Visa_mconsumototal	0.000247013800049941	0.000347461135826458	0.000915107226694606
mprestamos_hipotecarios_mean6	0.000246205262989493	0.00262585671655398	0.000371347860107956
mv_mconsumospesos	0.000243548833086555	0.000331999667285693	0.000755958143791196
mv_mpagado_mean6	0.000238518263161663	0.00199132043593172	0.00103446903887216
mvr_mpagado_mean6	0.000235360758915122	0.000866631713885479	0.00103446903887216
Master_mpagosdolares_mean6	0.000234373584134407	0.00379276875576418	0.00103446903887216
minversion1_pesos	0.000233698103276338	0.00238977175217702	0.000331560589382104
Master_msaldopesos_lag1	0.00023119975732272	0.000789868608129794	0.000795745414517049
Visa_delinquency	0.000229159788167709	0.000145230077126643	9.2836965026989e-05
cpagomiscuentas	0.000228479224658532	0.00140379976030366	0.000676383602339492
cmobile_app_trx_delta1	0.000228233694037716	0.00134545854111072	0.00106099388602273
Visa_mpagado	0.000225902336185269	0.000976941123172656	0.000663121178764207
mv_mfinanciacion_limite_lag1	0.000220440190550779	0.000310120995506672	0.000755958143791196
mtarjeta_visa_consumo_delta1	0.000220198270532937	0.000822531833077956	0.000954894497420459
ccuenta_debitos_automaticos	0.000215709424349268	0.00101732136819755	0.000795745414517049
tpaquete9	0.000213696215649053	0.00218929299209028	0.000411135130833809
mv_mpagospesos_delta1	0.000212167114817006	0.000682543869333375	0.000769220567366481
mv_mpagospesos_lag1	0.000211516338750927	0.000338241733053	0.000782482990941765
ctarjeta_debito	0.000209564280791289	0.000350640923202921	0.00086205753239347
ctarjeta_visa_debitos_automaticos_lag1	0.000208195072869664	0.000683776760906819	0.000769220567366481
mvr_msaldodolares_mean6	0.000207465965546825	0.00115004687242304	0.00120688054535086
mautoservicio_lag1	0.000207448114158903	0.000610814536704167	0.00123340539250143
Master_Finiciomora_mean6	0.00020433113255375	0.000633071258276235	0.000371347860107956
mvr_mconsumospesos_lag1	0.000203387559774991	0.00044902937792686	0.000795745414517049
ccajas_otras_delta1	0.000201070042895054	0.00186885014587234	0.000358085436532672
tmobile_app_lag1	0.000200279492114916	0.000194305236415715	0.000689646025914776
ccuenta_debitos_automaticos_delta1	0.000198458793263043	0.00371441832592707	0.000636596331613639
mv_mlimitecompra_lag1	0.000197186666015455	0.000226178870273283	0.000610071484463071
cforex_sell_mean6	0.000194727973026099	0.000557020308942979	0.000689646025914776
ctarjeta_master_trx_mean6	0.000194718236927029	0.000832620571369104	0.000729433296640628
mextraccion_autoservicio_lag1	0.000193725335646297	0.000315998003874919	0.000981419344571027
Visa_mconsumosdolares_delta1	0.000189421096310108	0.000323199716734121	0.000689646025914776
ccheques_depositados_mean6	0.000186703886666795	0.00181135989961359	0.000530496943011366
Visa_mconsumototal_lag1	0.000186663804095876	0.000352426193624736	0.00070290844949006
mv_fultimo_cierre_lag1	0.000185424111901755	0.000473752517829522	0.000968156920995743
mplazo_fijo_dolares_delta1	0.0001831530006093	0.00182950490382447	0.000358085436532672
mvr_msaldopesos_delta1	0.000180926134774618	0.00061417685278016	0.000676383602339492
ccajas_trx_delta1	0.000180598260401922	0.000948802311762693	0.000411135130833809
ctransferencias_emitidas	0.000180570346952282	0.000624011921796701	0.000848795108818185
mv_msaldototal_delta1	0.000178883611297382	0.00072619132611027	0.000636596331613639
Master_mlimitecompra_delta1	0.000175078221986692	0.00107263686093473	0.000411135130833809
Master_mconsumosdolares_mean6	0.000174063128433723	0.000453419074775403	0.000716170873065344
cforex_mean6	0.000172748434673272	0.000298763679866594	0.000716170873065344
matm_other_mean6	0.00017210776404203	0.000391124183476139	0.000769220567366481
Visa_mpagosdolares_mean6	0.000169326941725064	0.000281542001788416	0.00070290844949006
mvr_msaldopesos2_delta1	0.000168205445605984	0.000395717832038297	0.000901844803119322
mvr_msaldototal_delta1	0.000165977571657181	0.000969588467567307	0.000729433296640628
ctransferencias_recibidas_lag1	0.00016589376647924	0.000393684320275362	0.00070290844949006
mvr_mconsumospesos_delta1	0.000163953736088889	0.000622046605666207	0.000729433296640628
ccomisiones_otras_delta1	0.000163664233482926	0.000229800918741076	0.000716170873065344
mvr_mconsumototal_mean6	0.000160943120815883	0.000178984836401667	0.000570284213737218
Master_msaldototal_lag1	0.000159807977556548	0.000376139795642591	0.000503972095860798
mextraccion_autoservicio	0.000158610720652955	0.000307592271428911	0.000716170873065344
ctarjeta_debito_trx_lag1	0.000157801061734285	0.00074940163165704	0.00102120661529688
cextraccion_autoservicio_lag1	0.000156165312211304	0.000310252882741638	0.000636596331613639
ctransferencias_emitidas_delta1	0.000155025244431228	0.000712805406944986	0.000623333908038355
tcuentas_lag1	0.000154089997907821	0.00407115146928665	0.000596809060887787
Visa_fultimo_cierre_delta1	0.000152537582190371	0.000201933157541677	0.000477447248710229
ctarjeta_debito_lag1	0.000148513467477439	0.000389961912782013	0.000570284213737218
ctarjeta_debito_delta1	0.000147173095873867	0.00328226866626864	0.000464184825134945
Master_mpagospesos_lag1	0.0001468484752546	0.000554865939043975	0.000795745414517049
mv_mconsumospesos_lag1	0.00014470840129084	0.000231691283194256	0.000424397554409093
cseguro_accidentes_personales_mean6	0.000144302363887541	0.000520526233319653	0.000477447248710229
mforex_buy_mean6	0.00014396759377686	0.00232474562868571	0.000610071484463071
ctarjeta_debito_trx	0.00014373654609927	0.000368732745214415	0.000848795108818185
catm_trx_other_mean6	0.00014357396772913	0.000777998987958798	0.000649858755188923
mv_msaldodolares_mean6	0.000143442846689613	0.000714577453996921	0.000755958143791196
mautoservicio_delta1	0.000138150782096127	0.000487411854708275	0.000649858755188923
Master_mconsumototal_mean6	0.000136084872820403	0.00048959636696133	0.000663121178764207
mcheques_depositados_mean6	0.000135730715031162	0.00135285080908174	0.000371347860107956
mv_status01_delta1	0.000135141866520468	0.000688569164224998	0.000291773318656251
mv_mconsumospesos_delta1	0.000134578774594516	0.000483487516540374	0.00054375936658665
ccajas_otras	0.000133084015309781	0.00179298848128349	0.000291773318656251
Master_mpagospesos_delta1	0.000131094713155355	0.000382986094346271	0.000490709672285514
ctarjeta_debito_trx_delta1	0.000129582023865671	0.000951300604766537	0.000636596331613639
mvr_mconsumototal_lag1	0.000128000550476794	0.000220121411988544	0.000437659977984377
mvr_mconsumototal	0.00012760281808225	0.000153670455956618	0.000424397554409093
Master_msaldototal_delta1	0.000126854830572908	0.000683541858423527	0.000477447248710229
mv_mconsumosdolares	0.000126535295816676	0.000852932187201325	0.000464184825134945
mvr_mconsumosdolares_lag1	0.000126429694111436	0.00035454972824201	0.000596809060887787
Visa_fechaalta_delta1	0.00012363341032404	0.000113033827690375	0.000291773318656251
ctarjeta_visa_debitos_automaticos_delta1	0.000122347652185168	0.000321062612283127	0.000265248471505683
thomebanking_lag1	0.000121704166645951	0.000155997076127908	0.000517234519436082
matm_lag1	0.000121645012061758	0.000528313239091994	0.000557021790161934
Visa_msaldodolares_mean6	0.000116935651349453	0.000411302237498169	0.000424397554409093
minversion1_pesos_lag1	0.000116620515913647	0.00263062290410829	0.000411135130833809
mvr_msaldodolares_lag1	0.000115743617229939	0.00112044038244429	0.000636596331613639
ctarjeta_visa_debitos_automaticos	0.000115478828068009	0.000432141229038332	0.000464184825134945
mvr_mpagosdolares_mean6	0.000114041236089807	0.000621921878683928	0.000490709672285514
Visa_mpagado_delta1	0.000113363353718248	0.000711611146089664	0.000371347860107956
mv_msaldopesos_delta1	0.000112605556682521	0.00112302188451362	0.000477447248710229
mv_status04_mean6	0.000111388221225548	0.000146390326781705	0.000265248471505683
cextraccion_autoservicio	0.000111385627929578	6.1345464890638e-05	0.000212198777204546
ccallcenter_trx_lag1	0.000109832610479609	0.000596120312336339	0.000437659977984377
mv_mconsumototal	0.000103694502339926	0.000187670222910257	0.000344823012957388
ctransferencias_emitidas_lag1	0.000102872590676473	0.000286604415925639	0.000583546637312502
mtarjeta_master_consumo_mean6	0.000102038626200663	0.000287872820042649	0.000424397554409093
mv_status06_delta1	0.000102037624523599	0.000210720231187208	0.000185673930053978
ctarjeta_visa_mean6	9.99108359030261e-05	6.25436523361426e-05	0.000132624235752841
Visa_mconsumototal_delta1	9.9329355143266e-05	0.000222102376735796	0.00038461028368324
Visa_mlimitecompra_delta1	9.91763246696308e-05	0.000289005294846564	0.000251986047930399
mv_mconsumosdolares_lag1	9.8672172311295e-05	0.000240833540019417	0.000371347860107956
Visa_mpagosdolares	9.61419319101881e-05	0.000265479995925567	0.000291773318656251
mforex_sell_lag1	9.55986127067145e-05	0.000239644591609636	0.00038461028368324
mprestamos_prendarios_lag1	9.48791889607132e-05	0.00282512654881618	0.000411135130833809
mvr_mconsumosdolares	9.31645578617058e-05	0.000290332078120558	0.000358085436532672
mv_mconsumototal_mean6	9.18996152946616e-05	0.000439602212337549	0.000371347860107956
Master_msaldopesos_delta1	9.04461111323994e-05	0.000595300983099507	0.000278510895080967
mvr_msaldodolares2_delta1	8.96190248297316e-05	0.00230164619156764	0.00054375936658665
ccomisiones_mantenimiento_lag1	8.94442029860667e-05	0.000164100865337648	0.000251986047930399
Visa_status_delta1	8.75878046455382e-05	0.000544738974242517	0.000198936353629262
active_quarter_mean6	8.61648958456406e-05	0.000180244578922685	0.000251986047930399
Master_Fvencimiento_delta1	8.61404175221384e-05	0.000135189843773047	0.000278510895080967
ccajas_trx_lag1	8.4649830733862e-05	0.000546203303660857	0.000411135130833809
mvr_mconsumototal_delta1	8.46189877565931e-05	0.000212176072241476	0.000331560589382104
tcuentas_mean6	8.44983235786966e-05	0.000749632607550149	0.000198936353629262
mcheques_emitidos_mean6	8.29635553585451e-05	0.00228691841795133	0.000397872707258524
Master_mconsumospesos	8.25303619342434e-05	0.000195865709549562	0.000331560589382104
mv_mconsumototal_lag1	8.25004530525435e-05	0.000146841249469027	0.000251986047930399
ctarjeta_master_debitos_automaticos_mean6	8.20017718682431e-05	0.000402382756921913	0.000305035742231535
mv_Fvencimiento_delta1	8.12772627596498e-05	9.25510587213602e-05	0.000278510895080967
mv_status07_mean6	8.11354582299042e-05	8.21827818555758e-05	0.000185673930053978
ccajas_otras_mean6	8.08059458317006e-05	0.000369963211540981	0.000251986047930399
Master_mconsumospesos_lag1	7.78872623443897e-05	0.000188528413841104	0.00038461028368324
Visa_mfinanciacion_limite_delta1	7.68637994499733e-05	0.000137174099926776	0.000185673930053978
ctransferencias_recibidas_delta1	7.68334036284342e-05	0.00021985457708803	0.000371347860107956
Master_delinquency_mean6	7.60165975630692e-05	0.000323756715100354	0.000198936353629262
mvr_mconsumosdolares_delta1	7.38774428270781e-05	0.000268101861032224	0.000251986047930399
Master_delinquency	7.35814159314528e-05	8.80358264749126e-05	9.2836965026989e-05
mv_mconsumosdolares_delta1	7.32121507566142e-05	0.000387873140036652	0.000344823012957388
thomebanking_delta1	7.06116265256526e-05	0.000212064510885105	0.000185673930053978
mcaja_ahorro_adicional_mean6	7.02670937863088e-05	0.00156455366946221	0.000251986047930399
mcaja_ahorro_adicional	6.97005985114736e-05	0.00286591891257836	0.000397872707258524
ccajas_consultas_delta1	6.95955920509396e-05	0.000685564283343592	0.000212198777204546
mvr_msaldodolares2_lag1	6.93619154795074e-05	0.00054763985822805	0.000411135130833809
Master_cconsumos	6.92231312705486e-05	0.000174129203432749	0.000344823012957388
tcallcenter_lag1	6.5950615489649e-05	0.000398543417882677	0.000225461200779831
tpaquete9_mean6	6.39999527835564e-05	0.000217756045611185	0.000212198777204546
ctarjeta_master_trx	6.19405937630228e-05	0.000205629695734999	0.000145886659328126
Master_mconsumospesos_delta1	6.09165277422777e-05	0.000135704515806868	0.000265248471505683
mextraccion_autoservicio_delta1	6.04481481376663e-05	0.000359071370069491	0.000344823012957388
ctarjeta_master_descuentos_mean6	5.92182320845114e-05	0.00101516260975657	0.000198936353629262
ccuenta_debitos_automaticos_lag1	5.91259319786762e-05	0.00058368999818482	0.000291773318656251
Visa_msaldodolares_lag1	5.73879108101716e-05	0.000151345972312339	0.000198936353629262
cprestamos_personales_lag1	5.66002491213406e-05	0.000159157577017296	0.000132624235752841
mv_mpagosdolares_mean6	5.65863348266659e-05	0.000119718154549013	0.000238723624355115
Visa_Fvencimiento_delta1	5.62181840060002e-05	0.000158656994512955	0.000238723624355115
ccheques_emitidos_mean6	5.53193034024464e-05	0.00116700962652504	0.000212198777204546
ccajas_trx	5.48638720157492e-05	0.000425066033224581	0.000185673930053978
Master_delinquency_lag1	5.39168518751135e-05	0.000384334935818056	7.95745414517049e-05
Master_mconsumosdolares_lag1	5.29394088568868e-05	7.11876364158927e-05	0.00015914908290341
mv_mpagado	5.21273011464594e-05	0.000918524201630751	0.000517234519436082
mvr_mpagado	5.15921126397023e-05	0.00046833157136222	0.000291773318656251
matm	5.15879175612812e-05	0.000121731917873086	0.000305035742231535
mttarjeta_master_debitos_automaticos_mean6	5.1474637064688e-05	0.00038491924708365	0.000265248471505683
mv_mconsumototal_delta1	5.04123073763221e-05	0.000196354858747194	0.000198936353629262
matm_other	5.00546477627932e-05	0.0004581991208833	0.000238723624355115
Master_fechaalta_delta1	4.79094050896566e-05	0.00011051261032914	0.00015914908290341
Visa_mpagosdolares_lag1	4.76820122567587e-05	8.29397476012684e-05	0.000185673930053978
mv_fechaalta_delta1	4.65215411388174e-05	0.000149866398485054	0.00015914908290341
mcuenta_debitos_automaticos_delta1	4.47868517908971e-05	0.000277512800565044	0.000265248471505683
mvr_mpagado_lag1	4.44310560304474e-05	0.00105253497121345	0.000212198777204546
cpagomiscuentas_lag1	4.41542673164693e-05	0.00010930270085706	0.000238723624355115
catm_trx_lag1	4.2971860016129e-05	0.000134916599291499	0.000278510895080967
catm_trx	4.27255399823831e-05	0.00016226426052359	0.000185673930053978
matm_other_lag1	4.20940422676206e-05	0.000105944253627278	0.000212198777204546
mforex_sell	4.14058313623055e-05	0.00024122227244752	0.000291773318656251
cpagomiscuentas_delta1	4.13979557979931e-05	0.000804215444754386	0.000225461200779831
Master_mconsumototal	4.13447121269914e-05	5.95780373565655e-05	0.000132624235752841
mtarjeta_master_consumo_delta1	4.09121367693539e-05	0.00011450335406631	0.000185673930053978
mtarjeta_visa_descuentos_mean6	4.0324376651118e-05	0.000551024521221701	0.000185673930053978
Master_cconsumos_lag1	3.81532436671448e-05	0.000182163642130584	0.000185673930053978
Visa_mpagado_lag1	3.77218073726823e-05	0.000106517131586162	0.000132624235752841
ctarjeta_master_trx_lag1	3.72501792102987e-05	0.000117862667455692	0.000198936353629262
Master_cconsumos_delta1	3.67936642372244e-05	9.91029786492726e-05	0.00015914908290341
mv_status03_mean6	3.62184891849858e-05	0.000309992572910103	0.000464184825134945
matm_delta1	3.59221325871289e-05	0.000155287518184276	0.000212198777204546
Master_mconsumototal_lag1	3.55653530263022e-05	0.000104074446028584	0.000185673930053978
active_quarter_lag1	3.39002277301344e-05	6.18146924174896e-05	0.000106099388602273
mttarjeta_master_debitos_automaticos_lag1	3.36896346643282e-05	0.000164222185425504	0.00015914908290341
mvr_mpagado_delta1	3.30598268508718e-05	0.0007115805995278	0.000172411506478694
mplazo_fijo_dolares_lag1	3.28979844176798e-05	0.000337497297749508	0.000132624235752841
Master_msaldodolares_mean6	3.25678757426033e-05	8.25940921772303e-05	0.000132624235752841
Master_status_delta1	3.25442659049589e-05	4.45126347285099e-05	7.95745414517049e-05
cforex_sell	3.24338758604057e-05	7.67918622543775e-05	0.000119361812177557
Master_mconsumosdolares	3.18627979392964e-05	5.43019127742425e-05	0.000106099388602273
mpagomiscuentas_delta1	2.98538947259399e-05	9.82013642505203e-05	0.000198936353629262
mcheques_depositados_lag1	2.95518346847595e-05	0.000512954208359823	9.2836965026989e-05
ccheques_depositados_lag1	2.83762759671202e-05	0.000586665429639855	9.2836965026989e-05
mv_status03_delta1	2.7258575501069e-05	0.000320881527182929	9.2836965026989e-05
Master_mpagado_mean6	2.63048821819642e-05	3.17576262152535e-05	6.63121178764207e-05
mcaja_ahorro_adicional_lag1	2.62867812454605e-05	0.000660853096443398	9.2836965026989e-05
mprestamos_hipotecarios_lag1	2.62290166889685e-05	0.000853443105876883	0.000119361812177557
minversion2_lag1	2.53795138464978e-05	0.00114920323297346	0.00015914908290341
Visa_mpagosdolares_delta1	2.44764099516648e-05	2.80645526603285e-05	6.63121178764207e-05
cseguro_vivienda_mean6	2.44757485407718e-05	5.04632089187121e-05	7.95745414517049e-05
Master_mpagosdolares_lag1	2.30614002160406e-05	7.10886055017221e-05	9.2836965026989e-05
mvr_mpagosdolares	2.30323375329063e-05	0.000126186634435539	7.95745414517049e-05
tcallcenter_delta1	2.28414746944008e-05	4.13897829096985e-05	5.30496943011366e-05
cseguro_vida_mean6	2.23093687704987e-05	7.03840712837654e-05	7.95745414517049e-05
Master_madelantopesos_mean6	2.18911502186265e-05	4.45184091258376e-05	0.000172411506478694
cseguro_vivienda	2.12905007600833e-05	7.05314339035691e-05	5.30496943011366e-05
Master_mconsumototal_delta1	2.12437545952713e-05	3.40506971380696e-05	0.000119361812177557
mv_mpagado_delta1	2.09069764569129e-05	0.000204915922481318	0.000106099388602273
cforex_lag1	2.08958447773746e-05	3.2666574098612e-05	5.30496943011366e-05
cforex_buy_mean6	2.06266037919735e-05	0.00014341928386864	7.95745414517049e-05
catm_trx_other	2.03345698013072e-05	0.000224951233401407	7.95745414517049e-05
Visa_msaldodolares_delta1	1.99954609791322e-05	7.07189285848006e-05	9.2836965026989e-05
matm_other_delta1	1.87632347872605e-05	0.000314233232563617	9.2836965026989e-05
mvr_msaldodolares2	1.84553086980805e-05	0.000115153782181306	0.000106099388602273
ctarjeta_master_trx_delta1	1.79386723723434e-05	0.000117475840578707	0.000106099388602273
cpayroll_trx_delta1	1.77897915834175e-05	4.85890127780497e-05	0.000132624235752841
ccajas_extracciones	1.61516998034879e-05	0.000101568184356428	7.95745414517049e-05
mv_status06_lag1	1.59622193500795e-05	5.13505605560648e-06	2.65248471505683e-05
mv_mlimitecompra_delta1	1.57678654968263e-05	0.000301352573164509	6.63121178764207e-05
mv_status05	1.56922404768099e-05	2.65834774897383e-05	7.95745414517049e-05
Master_cadelantosefectivo_mean6	1.47963603853067e-05	2.46017620708336e-05	0.000106099388602273
mv_msaldodolares_lag1	1.47246822502916e-05	8.56339659064421e-05	9.2836965026989e-05
mvr_msaldodolares_delta1	1.46230311460466e-05	0.000232214674568042	9.2836965026989e-05
tpaquete9_lag1	1.4603505840916e-05	2.61851595620712e-05	1.32624235752841e-05
mttarjeta_master_debitos_automaticos	1.44515996636187e-05	0.000115251080776278	7.95745414517049e-05
mv_status03	1.43325400052806e-05	1.0309262525095e-05	3.97872707258524e-05
mv_mpagosdolares_delta1	1.39198144213414e-05	8.23337823456961e-05	6.63121178764207e-05
mv_status01_lag1	1.36592868169623e-05	5.91289047324144e-05	3.97872707258524e-05
mvr_mpagosdolares_delta1	1.34976374282346e-05	0.000335916729712961	0.000172411506478694
ctarjeta_visa	1.29290742763354e-05	1.87640773483885e-05	2.65248471505683e-05
mttarjeta_master_debitos_automaticos_delta1	1.26136990445825e-05	0.000240463054686869	9.2836965026989e-05
mv_status02_delta1	1.21632203645104e-05	8.06625562711035e-05	6.63121178764207e-05
cseguro_vida	1.2117397817307e-05	7.23831098946533e-05	5.30496943011366e-05
Visa_msaldodolares	1.16938308226417e-05	0.000119293274393638	7.95745414517049e-05
Master_msaldodolares_lag1	1.16916139812801e-05	4.63525309490454e-05	3.97872707258524e-05
catm_trx_delta1	1.13191231032814e-05	2.55995201850926e-05	5.30496943011366e-05
Master_mconsumosdolares_delta1	1.12743372207877e-05	2.38424865662099e-05	5.30496943011366e-05
catm_trx_other_lag1	1.07022801635157e-05	8.89333410515622e-05	9.2836965026989e-05
cextraccion_autoservicio_delta1	1.06002505375059e-05	2.21675648773277e-05	3.97872707258524e-05
mcheques_emitidos_rechazados_mean6	1.05516979298956e-05	0.00057061300927657	7.95745414517049e-05
cplazo_fijo_lag1	9.52723288037945e-06	2.0897948136879e-05	2.65248471505683e-05
mv_msaldodolares	9.13638522276763e-06	3.03036329681303e-05	3.97872707258524e-05
cseguro_vida_lag1	8.85881225566319e-06	8.71012980113923e-05	2.65248471505683e-05
Master_mpagado_delta1	8.80950243870451e-06	2.48189371543296e-05	2.65248471505683e-05
Master_status_lag1	8.71665518756789e-06	0.000214644627099082	3.97872707258524e-05
ctarjeta_master_debitos_automaticos_lag1	8.55060701724135e-06	8.18070418214602e-06	3.97872707258524e-05
mv_msaldodolares_delta1	8.47836066464708e-06	0.000123818207627596	5.30496943011366e-05
minversion2_mean6	8.34823517028246e-06	0.000271675289074518	3.97872707258524e-05
Master_mpagado	8.14940346824217e-06	2.04907953813005e-05	3.97872707258524e-05
mvr_msaldodolares	7.88346506916148e-06	9.07612265256561e-05	6.63121178764207e-05
Master_mpagosdolares	7.78512847301169e-06	1.3085361784376e-05	3.97872707258524e-05
Visa_madelantopesos_mean6	7.73827894706213e-06	6.72330404059947e-06	3.97872707258524e-05
cseguro_accidentes_personales_lag1	7.44498862944593e-06	1.10151825984104e-05	1.32624235752841e-05
mv_status02_lag1	7.35679974551828e-06	2.37791414275247e-05	1.32624235752841e-05
ccajas_extracciones_lag1	7.09721544998214e-06	7.67998309226898e-05	6.63121178764207e-05
Master_msaldodolares	6.28475229722847e-06	3.03326781866888e-05	2.65248471505683e-05
Visa_delinquency_delta1	5.85977468270576e-06	1.92236616317028e-05	1.32624235752841e-05
cseguro_accidentes_personales	5.79815984335632e-06	1.58293553945147e-05	3.97872707258524e-05
Master_mpagosdolares_delta1	5.66452978191766e-06	8.47797015657772e-06	1.32624235752841e-05
ctarjeta_visa_delta1	5.51603643953439e-06	4.11166539160967e-05	1.32624235752841e-05
ccajas_depositos	5.35901148939602e-06	3.49160483216037e-06	1.32624235752841e-05
cseguro_vivienda_lag1	5.24611339207616e-06	3.92712142741265e-05	2.65248471505683e-05
ccajas_otras_lag1	5.23943895497688e-06	3.00176270684877e-06	1.32624235752841e-05
Master_cadelantosefectivo_delta1	5.17268865633513e-06	6.65199023360196e-06	1.32624235752841e-05
ccajas_consultas_lag1	5.1634683421826e-06	0.000159348882800764	0.000132624235752841
mforex_sell_delta1	3.91203705251416e-06	4.69930271006376e-05	5.30496943011366e-05
cforex_delta1	3.82500516334776e-06	2.53271996071167e-05	1.32624235752841e-05
Master_mpagado_lag1	3.68807073639763e-06	4.36255718110235e-06	1.32624235752841e-05
mv_status03_lag1	3.51819885007578e-06	3.65860040287841e-06	1.32624235752841e-05
ccheques_emitidos	3.5003191487277e-06	8.58621123448608e-05	1.32624235752841e-05
active_quarter	3.49004595947111e-06	2.8631194270099e-06	1.32624235752841e-05
Master_madelantopesos_lag1	3.47433042362961e-06	2.16447509432747e-06	1.32624235752841e-05
Master_madelantodolares	3.43850792015441e-06	3.35024758557746e-06	1.32624235752841e-05
cinversion1	3.38913720138324e-06	0.000190562503043771	2.65248471505683e-05
catm_trx_other_delta1	2.86309040729163e-06	9.12712790416148e-06	2.65248471505683e-05
ctarjeta_visa_lag1	2.68772223098688e-06	8.1323320557316e-05	1.32624235752841e-05
ccajas_depositos_lag1	2.64796185647065e-06	7.34126849381881e-05	1.32624235752841e-05
mv_mpagado_lag1	1.85978830290403e-06	6.12406595791397e-05	7.95745414517049e-05
ccajas_extracciones_delta1	1.67601044645982e-06	5.55533401631088e-05	3.97872707258524e-05
minversion1_pesos_mean6	7.50648253758644e-07	3.28961641363626e-06	1.32624235752841e-05
Master_madelantopesos	7.07432729161047e-07	2.03172169976289e-06	1.32624235752841e-05
mvr_mpagosdolares_lag1	6.75079519663439e-07	3.54870207293699e-05	5.30496943011366e-05
Visa_cadelantosefectivo_lag1	5.10713325699102e-07	4.85921309526067e-06	1.32624235752841e-05
mvr_Visa_mlimitecompra_delta1	1.34260567291046e-07	9.80966166829953e-06	1.32624235752841e-05
cinversion1_mean6	1.24699436863382e-07	1.78695654583494e-05	1.32624235752841e-05
ccheques_depositados_delta1	1.0336869654529e-07	1.28139651099725e-05	1.32624235752841e-05
mvr_Master_mlimitecompra_delta1	6.22000960873007e-08	2.89089427815629e-05	2.65248471505683e-05
mcajeros_propios_descuentos_mean6	6.16828788400166e-08	1.65381049225207e-05	2.65248471505683e-05
ccajeros_propios_descuentos_mean6	2.88688775467219e-08	4.47694799216474e-06	2.65248471505683e-05
cforex_sell_lag1	2.18803564691587e-08	2.6736037067137e-06	1.32624235752841e-05
mtarjeta_visa_descuentos_delta1	1.84443353052928e-08	1.23693942597103e-05	1.32624235752841e-05
mpagodeservicios_mean6	6.71848514783062e-09	1.15358022614788e-05	1.32624235752841e-05
Visa_cadelantosefectivo_mean6	1.27897296982119e-11	4.89576503034522e-06	1.32624235752841e-05
mcheques_emitidos_lag1	1.06167606052325e-12	2.3658860731188e-06	1.32624235752841e-05
Master_madelantodolares_mean6	2.78989187567868e-14	2.40077498177297e-05	9.2836965026989e-05
Master_cadelantosefectivo	4.29906212099949e-15	3.42652737427682e-06	1.32624235752841e-05
