Feature	Gain	Cover	Frequency
ctrx_quarter_normalizado	0.0658051640338147	0.00527167665918907	0.00370532556337791
mcuentas_saldo	0.0367368076701051	0.0115824112954021	0.00791592279448917
mpasivos_margen	0.0326454457902229	0.00471540656123486	0.00345830385915272
ctarjeta_visa_trx	0.0258540878216599	0.00528901499532446	0.0044127058982046
mcaja_ahorro_lag1	0.0227450771969125	0.00367949924332107	0.00507517319589944
ctrx_quarter	0.0221167173478021	0.00407544699518157	0.00312145608066381
mv_status01_mean6	0.020643020287448	0.00314243327569415	0.00133616285467264
ctrx_quarter_mean6	0.0147779491746334	0.00262225957513867	0.00337970604417197
mcaja_ahorro	0.0147022999893654	0.00388185265668838	0.00435656460178979
mpayroll	0.0144209349267734	0.00774246979985099	0.0023916192272712
mdescubierto_preacordado_delta1	0.0127531340314195	0.00599737731924886	0.000538956445582241
mv_status07	0.0125914388653004	0.00107224380113537	0.000258249963508157
ctrx_quarter_lag1	0.0125023976841193	0.00210536017834807	0.00355935819269939
mpasivos_margen_lag1	0.0119543756794114	0.00294719581280754	0.00490674930665499
tmobile_app	0.011869903057288	0.0017439739341574	0.00268355396862824
mv_mpagospesos	0.0110955378581097	0.00174312374038136	0.00213336926376304
mv_status01	0.010899495445022	0.00118017774290775	0.000482815149167425
mv_status07_delta1	0.010477929088339	0.000432568818391293	0.000202108667093341
cpayroll_trx	0.00969276743557186	0.00412942864659092	0.000606326001280022
ctrx_quarter_normalizado_mean6	0.00943468142114326	0.00278146364833776	0.00439024937963867
mprestamos_personales	0.00908296319215676	0.0112003410147296	0.00247021704225194
mdescubierto_preacordado	0.00835930763232737	0.00288035976766271	0.000707380334826692
ctrx_quarter_normalizado_lag1	0.00833480785480431	0.00247295327478402	0.00368286904481198
foto_mes	0.00831195604958447	0.015710690575568	0.00456990152816609
mpayroll_sobre_edad	0.00773431973244646	0.00653639898787411	0.00178529322599117
mtarjeta_visa_consumo	0.00753353858338	0.00397912680616261	0.00316636911779567
mdescubierto_preacordado_mean6	0.00670446880122521	0.00276685862501131	0.000976858557617813
mpayroll_lag1	0.00654695142896724	0.00274924929188939	0.0015944128181808
mautoservicio	0.00651809609659618	0.00308941461189407	0.0023916192272712
mpayroll_sobre_edad_lag1	0.00616282708383063	0.00187132801966928	0.00142598892893635
mcaja_ahorro_mean6	0.00548838492666225	0.00411047408515734	0.00541202097438834
mactivos_margen	0.00516631863201881	0.00637160026760052	0.00573764049359428
cprestamos_personales_mean6	0.00508803711121959	0.00267465800963109	0.00179652148527414
Visa_mpagominimo	0.0050203730830747	0.00394055323005157	0.00497411886235277
mv_mconsumospesos	0.00480565364554291	0.00109025944737034	0.00156072804033191
cprestamos_personales	0.00474569221396409	0.00337624030262336	0.00103299985403263
mcaja_ahorro_delta1	0.00467414697361967	0.00642315835612126	0.0049965753809187
mvr_msaldopesos	0.00464528770069543	0.00181929805718983	0.00216705404161193
mv_mconsumototal	0.00449827136498164	0.000772805990894419	0.00133616285467264
cproductos_delta1	0.00432593473443432	0.00494997323685006	0.000920717261202996
Visa_Finiciomora	0.00424035496494078	0.00308039648505536	0.000538956445582241
mcaja_ahorro_dolares_delta1	0.00417455008341893	0.00845613060725224	0.00332356474775716
ctarjeta_visa	0.00397652858117619	0.000321095685153537	0.00013473911139556
mprestamos_personales_mean6	0.00397105583480429	0.0026427903323694	0.0018077497445571
mcuenta_corriente	0.00395692213339386	0.00399404841816242	0.00464849934314683
cpayroll_trx_lag1	0.00393948825036974	0.00238357815860352	0.000785978149807435
mcuentas_saldo_mean6	0.00386490876073162	0.0028768213968477	0.00424428200896015
mv_msaldopesos	0.00382054268771769	0.00231865887915647	0.00278460830217491
mprestamos_personales_delta1	0.00381946609225522	0.0103866197675051	0.0022681083751586
Visa_mpagospesos	0.00381525089640147	0.00221949860159801	0.00295303219141936
mcuenta_corriente_mean6	0.00373546266560524	0.00582050874698679	0.00460358630601498
Visa_Finiciomora_mean6	0.00372636087285602	0.00307736591444828	0.00120142374327708
mextraccion_autoservicio_mean6	0.0036883265585214	0.00128795822306225	0.00238039096798823
ctarjeta_debito_trx	0.00354131405954942	0.00143002346934752	0.00203231493021637
cliente_edad_lag1	0.00351300387731234	0.00580302114366871	0.00783732497950843
mcuenta_corriente_lag1	0.00346644966950783	0.00209016082179208	0.00354812993341642
mrentabilidad_annual	0.00346165172134473	0.00244444971691027	0.00454744500960016
mcomisiones_mean6	0.00343848326493201	0.00298039394667437	0.00543447749295427
mrentabilidad_annual_delta1	0.00337514539142188	0.00610563587383148	0.00653484690268468
mv_cconsumos_mean6	0.00326495725664855	0.00406164785051156	0.00692783597758839
ccomisiones_mantenimiento_mean6	0.00321756626186463	0.00560099289021187	0.00303163000640011
mv_Finiciomora	0.00315339277579311	0.00332577814707068	0.000572641223431132
ctrx_quarter_delta1	0.00310399186845892	0.00498774959672516	0.00490674930665499
Master_status_mean6	0.00310362809186854	0.000401608142147426	0.000370532556337791
Visa_Finiciomora_lag1	0.00305726700137656	0.00106434194115706	0.000247021704225194
mcuenta_corriente_delta1	0.00299712013113676	0.00371495015361762	0.0032786517106253
mrentabilidad	0.00296914636616374	0.00312802648502205	0.00452498849103424
mcuentas_saldo_delta1	0.00279968214434353	0.00681741948911911	0.00483937975095721
ctarjeta_visa_mean6	0.00271270115045074	0.00025366111234398	0.000157195629961487
ctrx_quarter_normalizado_delta1	0.00271021572458344	0.00333610676135568	0.00409831463828163
mv_Fvencimiento_mean6	0.00269736657322881	0.00295036352320862	0.00763521631241509
cliente_edad	0.0026779639166762	0.00452146745840585	0.00546816227080316
cliente_edad_mean6	0.00267554654720227	0.00459684565317886	0.00560290138219872
Visa_msaldopesos	0.00267250210127075	0.00250479897685266	0.00316636911779567
mcomisiones	0.00266513310592248	0.00245954229773569	0.00357058645198235
mtransferencias_recibidas	0.00264208796406573	0.00452421280742011	0.00331233648847419
mcuentas_saldo_lag1	0.00262771151420622	0.00453441303551499	0.00448007545390238
mv_status05_mean6	0.00259375227128668	0.000482250535448785	0.000898260742637069
mrentabilidad_annual_lag1	0.00255542688947751	0.00253196596883526	0.00553553182650094
mtransferencias_recibidas_mean6	0.00254855602797681	0.00268404059641433	0.00408708637899866
Visa_mconsumospesos	0.00251939212190083	0.00178448980731086	0.00328987996990827
mactivos_margen_lag1	0.00246464951457786	0.00393145094095897	0.00529973838155871
ccomisiones_otras_mean6	0.00245662790684621	0.00657780152815307	0.00425551026824311
mactivos_margen_mean6	0.00242184122144416	0.00276458697362322	0.00362672774839717
mv_msaldototal	0.00240653688985906	0.00204811771831314	0.00266109745006232
mpayroll_mean6	0.00238267925623738	0.00235048315313231	0.00196494537451859
cpayroll_trx_mean6	0.00235723188165035	0.00356029129804555	0.00188634755953785
mv_fultimo_cierre_mean6	0.00234618120306453	0.00355533201671873	0.00505271667733351
mprestamos_personales_lag1	0.00234282520503752	0.00493946006741677	0.00163932585531265
mv_msaldototal_mean6	0.00228987636970827	0.00228579009963532	0.00259372789436454
ccomisiones_mantenimiento_delta1	0.00228234161084799	0.00397771638173878	0.000774749890524472
mv_status02	0.00225768084911209	0.000821119410246714	0.000381760815620754
mrentabilidad_delta1	0.00223710253826158	0.00212811152427763	0.00412077115684755
Visa_fultimo_cierre_mean6	0.00220472471928567	0.00383404348139245	0.00462604282458091
chomebanking_trx_mean6	0.00216237152767186	0.00251176246873261	0.0045362167503172
mcomisiones_mantenimiento_mean6	0.00215085510395635	0.00326828274435721	0.00368286904481198
mrentabilidad_mean6	0.00213056497361411	0.00227079736460406	0.0037390103412268
mv_status05	0.00212903743068882	0.000120314181964806	0.000190880407810377
mv_mpagominimo	0.00207772764057904	0.00262420506359915	0.00288566263572158
Visa_cconsumos	0.00207304121804686	0.00142167280480403	0.00238039096798823
mvr_msaldototal	0.00205202945928769	0.00208564469166127	0.00243653226440305
ctarjeta_visa_debitos_automaticos_mean6	0.00202860361853766	0.00292960070429192	0.00313268433994678
Master_fechaalta_lag1	0.00201491437827736	0.00285745085686347	0.00528851012227574
numero_de_cliente	0.00200962060634433	0.00260573541534672	0.005209912307295
mvr_mpagominimo_mean6	0.0020034619654455	0.00341285225081678	0.00473832541741054
mv_Finiciomora_lag1	0.00200345866247359	0.00265293630635695	0.000684923816260765
mactivos_margen_delta1	0.00200333672962671	0.00339821148360785	0.00415445593469644
Visa_Fvencimiento	0.00197906555104411	0.0022783681377526	0.00479446671382536
cproductos	0.0019784366381512	0.0023286854941079	0.00235793444942231
Visa_fechaalta	0.00196346854789933	0.00226708073029353	0.00510885797374833
mvr_mpagominimo	0.00195568299155081	0.0027269962630969	0.00250390182010083
mv_fechaalta_mean6	0.00194042807594161	0.00296342873290401	0.00531096664084167
thomebanking_mean6	0.00192584936386514	0.00297521081016521	0.00256004311651565
mpasivos_margen_delta1	0.00190928343811121	0.00224378757275766	0.00370532556337791
mcomisiones_otras	0.00190901230711426	0.00261208378418793	0.0038625211933394
mrentabilidad_annual_mean6	0.00190211022677082	0.00328003245152076	0.00437902112035571
mcomisiones_mantenimiento	0.00189494395894042	0.00563356532376862	0.0023916192272712
mtarjeta_visa_debitos_automaticos_mean6	0.0018736418098345	0.00249452306655764	0.00372778208194384
Visa_status	0.00185012658216252	0.000810021208287994	0.000314391259922974
ccallcenter_trx	0.00184923081802139	0.00401150091588164	0.00128002155825782
mcomisiones_otras_mean6	0.00179469164283386	0.00233635547476699	0.00317759737707863
ctransferencias_recibidas_mean6	0.0017862539692564	0.00246597218451296	0.00378392337835865
mv_mpagominimo_mean6	0.00177882681395013	0.00229774113968792	0.00315514085851271
ccaja_ahorro	0.001764744406749	0.00388859302285297	0.000729836853392619
Visa_mpagospesos_mean6	0.00176013906962696	0.00262624164424993	0.00400848856401792
cliente_antiguedad_mean6	0.00175810044727728	0.00247631265263653	0.00463727108386387
mv_Fvencimiento	0.00175628586163128	0.00180631473016399	0.00454744500960016
mrentabilidad_lag1	0.00175208152085407	0.00180200513037453	0.00414322767541348
cproductos_mean6	0.00172916151265924	0.00357260625094243	0.00397480378616903
Master_fultimo_cierre_mean6	0.00172627509704747	0.00203734941780033	0.00341339082202086
Visa_fechaalta_mean6	0.00171787707264718	0.00220267964595901	0.0040758581197157
Visa_mconsumospesos_mean6	0.00171642948018995	0.0021017984645894	0.00443516241677053
chomebanking_trx	0.00169690094929449	0.0039885196054837	0.00362672774839717
mvr_msaldopesos_mean6	0.00168697273021368	0.00208953958946731	0.00355935819269939
chomebanking_trx_delta1	0.00168573103539854	0.00576898038424586	0.00353690167413346
ctransferencias_emitidas_mean6	0.00167553256944824	0.00286184243050585	0.00372778208194384
mvr_mconsumototal	0.00166835921010956	0.00101292236018091	0.00189757581882081
mv_cconsumos	0.00165499080676768	0.00079271387449965	0.00142598892893635
Visa_mfinanciacion_limite	0.00164810868898831	0.00207854123330275	0.00348076037771864
mtransferencias_emitidas_mean6	0.00163627612982136	0.00279471888418386	0.00318882563636159
mcaja_ahorro_dolares_mean6	0.00162903041292726	0.00199465681515078	0.00389620597118829
mcomisiones_otras_lag1	0.00161818873145393	0.0013634290601429	0.00337970604417197
mv_fechaalta_lag1	0.00160876153212298	0.00227398103209552	0.00403094508258385
cliente_antiguedad	0.00159721762987027	0.00267015610410657	0.00449130371318535
tcallcenter	0.00159174760213667	0.00185536627892609	0.000797206409090399
mv_Fvencimiento_lag1	0.00159117949225459	0.00180335072341968	0.00427796678680904
Visa_Fvencimiento_lag1	0.0015838584544108	0.00173867736553141	0.00417691245326237
mv_status04	0.00156548818843022	0.000489813193277072	0.000426673852752608
Visa_mlimitecompra_mean6	0.00155323292589403	0.00161898687784246	0.00342461908130383
mautoservicio_mean6	0.00154913518588334	0.00167172013768298	0.00354812993341642
Visa_msaldopesos_mean6	0.0015417666248488	0.0023052532819272	0.00384006467477347
mcaja_ahorro_dolares	0.00153821548150804	0.00324764512021255	0.00285197785787269
mv_fechaalta	0.00152636349248117	0.00214326091234485	0.00424428200896015
mcuenta_debitos_automaticos	0.00152286040917966	0.00543921106303932	0.00186389104097192
Visa_cconsumos_mean6	0.00150539331247165	0.00206997327877982	0.0036154994891142
Visa_msaldototal	0.00150124569444677	0.0018507209419548	0.00317759737707863
mpayroll_sobre_edad_mean6	0.00148099955853912	0.00250061420710175	0.00221196707874378
ccomisiones_mantenimiento	0.00147298838131757	0.00546190113374177	0.00151581500320005
mcomisiones_lag1	0.00146457491604055	0.00149380231834016	0.00369409730409495
mpasivos_margen_mean6	0.00145607802542256	0.00229096439135724	0.0037390103412268
Visa_mpagospesos_lag1	0.00143949908656554	0.00161985795261107	0.00297548870998529
cmobile_app_trx_mean6	0.00142881006053914	0.00207670142637234	0.00385129293405643
Visa_mpagominimo_mean6	0.00142378560830891	0.00213756249859111	0.00314391259922974
mv_mpagospesos_mean6	0.00141922991258516	0.00231907175747242	0.00376146685979273
mpagomiscuentas	0.0014095512089077	0.0029731525278715	0.00198740189308452
Master_fechaalta	0.0014053179586236	0.00333749821963779	0.00454744500960016
Master_mfinanciacion_limite	0.00139795094590832	0.00187638796744063	0.0035256734148505
Master_Fvencimiento	0.00138100675457931	0.00160548198191926	0.00359304297054828
Master_Fvencimiento_lag1	0.00138064143128885	0.00174326361567656	0.00369409730409495
Master_mlimitecompra_mean6	0.00137634075573956	0.00193193469027554	0.00372778208194384
Visa_fechaalta_lag1	0.00136644462302378	0.0023412534808667	0.00401971682330088
Visa_mconsumototal_mean6	0.00135514193890859	0.00142465969857513	0.00328987996990827
mv_msaldopesos_mean6	0.00135092725587921	0.00160293814816079	0.00202108667093341
cprestamos_personales_delta1	0.00134774133865938	0.00275593768353099	0.000415445593469644
thomebanking	0.00134533195822522	0.0027512580616112	0.000808434668373362
ccallcenter_trx_mean6	0.00133431295023249	0.00197465428320369	0.00278460830217491
Visa_Fvencimiento_mean6	0.00133385389743794	0.00144695649538698	0.00394111900832014
mpayroll_delta1	0.0013326760398395	0.00430723722825209	0.00216705404161193
Visa_msaldopesos_lag1	0.00131497506106628	0.00160130933955704	0.0024814453015349
Master_fechaalta_mean6	0.00131058792953501	0.00207568737607383	0.00399726030473496
cliente_antiguedad_lag1	0.00130561926553719	0.00221689212486184	0.00394111900832014
mvr_mconsumospesos_mean6	0.00130436367648267	0.00144325417686611	0.00333479300704012
Visa_mfinanciacion_limite_mean6	0.00130052384396033	0.00154611121075965	0.0035256734148505
mvr_msaldototal_mean6	0.00130014876689862	0.00124052043764724	0.00293057567285344
Master_mfinanciacion_limite_mean6	0.00129873143287865	0.00199817849940842	0.00359304297054828
ccaja_ahorro_mean6	0.00129822147797962	0.00175835391691765	0.000707380334826692
Visa_mlimitecompra	0.00128694153804584	0.00142099285038662	0.00284074959858973
cproductos_lag1	0.00128129889417882	0.00171917606858934	0.00163932585531265
ccaja_seguridad_mean6	0.00127709535345056	0.00112730789037348	0.000325619519205938
ccomisiones_otras	0.00123894444045584	0.00207346195465619	0.00196494537451859
mv_mfinanciacion_limite	0.00121614386220204	0.00144831886617289	0.00304285826568307
Master_Fvencimiento_mean6	0.00121577103623674	0.00116886991037298	0.00334602126632308
Master_mlimitecompra_lag1	0.00120997393859852	0.00220429705664106	0.00333479300704012
tmobile_app_delta1	0.001206051094524	0.0010998195681821	0.00206599970806526
mpayroll_sobre_edad_delta1	0.00120209851748603	0.00564083738018504	0.00163932585531265
mvr_Visa_mlimitecompra_mean6	0.00118217920707486	0.00167555047766046	0.0034021625627379
mtarjeta_visa_consumo_lag1	0.00115832857077379	0.00159406472933609	0.00270601048719417
Master_mlimitecompra	0.00115443878955717	0.00171800518288813	0.00316636911779567
mcomisiones_delta1	0.00114895379959644	0.00239530926435884	0.00321128215492752
Master_mfinanciacion_limite_lag1	0.00112686842559695	0.00300574392756997	0.00303163000640011
mv_mlimitecompra	0.00109853189860369	0.00131174541211662	0.00275092352432602
Visa_mconsumospesos_lag1	0.00109781289949672	0.00114751412597734	0.00269478222791121
Master_mpagominimo_mean6	0.00109676199377346	0.00162863307575896	0.00256004311651565
ctarjeta_debito_trx_mean6	0.00107998695520381	0.00253304959204788	0.00334602126632308
cextraccion_autoservicio_mean6	0.00106832231076342	0.00158902292705611	0.00317759737707863
ccaja_ahorro_delta1	0.00106722670099284	0.00646108042702747	0.000516499927016315
Visa_mpagominimo_delta1	0.00105404289365142	0.00176442946510486	0.00242530400512009
chomebanking_trx_lag1	0.00103877684547532	0.00131040702255799	0.00324496693277641
Master_status	0.00103290038833108	0.000114208725631038	0.00016842388924445
Visa_mconsumototal	0.00101215282847568	0.00109236386845112	0.00278460830217491
mcomisiones_otras_delta1	0.00101212502425435	0.00158184834566613	0.00275092352432602
Visa_mfinanciacion_limite_lag1	0.00100937547706871	0.00121490365420031	0.00241407574583712
ccajas_trx_mean6	0.00100885666650816	0.00265589210659763	0.00250390182010083
mcaja_ahorro_dolares_lag1	0.0010038731610181	0.00134305869446645	0.00221196707874378
mv_mlimitecompra_mean6	0.000995909025960296	0.00147881313946046	0.00258249963508157
mvr_mpagospesos_mean6	0.000994675195570978	0.00123263088742437	0.00273969526504306
mvr_msaldopesos2_mean6	0.000986399774455657	0.00131763476385481	0.003065314784249
mtransferencias_recibidas_lag1	0.000972501406312253	0.00247174637165021	0.002144597523046
ctarjeta_visa_trx_mean6	0.00097129458127349	0.00134688502237549	0.00275092352432602
Visa_mlimitecompra_lag1	0.000961320680821296	0.00103855993343704	0.00252635833866676
Visa_fultimo_cierre	0.000954529663228472	0.00111540672762628	0.00258249963508157
ctarjeta_visa_trx_lag1	0.000952954926243323	0.00190725226285853	0.00315514085851271
mvr_Master_mlimitecompra	0.000933398323178889	0.00143274492831789	0.00249267356081787
internet	0.000930551494589126	0.000874964286595566	0.00149335848463413
mcomisiones_mantenimiento_lag1	0.000927260604065745	0.00443361993728434	0.00184143452240599
mv_mfinanciacion_limite_lag1	0.000922675085421175	0.0012967836794324	0.00244776052368601
Visa_delinquency_mean6	0.000916413709237436	0.00229562358820133	0.000842119446222252
cextraccion_autoservicio	0.000915769376372835	0.00126614980439975	0.000774749890524472
tmobile_app_mean6	0.000912568020548522	0.00112334779645527	0.00241407574583712
tcallcenter_mean6	0.00090952301929198	0.00260240804285836	0.0015944128181808
mtransferencias_recibidas_delta1	0.000909017707133819	0.0023308722537751	0.00267232570934528
Visa_msaldototal_mean6	0.000896053548193441	0.00139163536021851	0.00220073881946082
tpaquete7_mean6	0.000895588592205881	0.00313796109594945	0.000538956445582241
Visa_mconsumosdolares_mean6	0.000894744404614723	0.000881197582019212	0.00235793444942231
Visa_mpagosdolares_mean6	0.000890658967636965	0.00109708962915798	0.00217828230089489
ccomisiones_otras_lag1	0.000887858672858592	0.00137564927351455	0.00236916270870527
mvr_msaldopesos2	0.000887145954029101	0.00118715974501255	0.00242530400512009
mextraccion_autoservicio_lag1	0.000873839654579411	0.000749273385819311	0.0013473911139556
Visa_msaldototal_lag1	0.000869824349202972	0.00117676648171562	0.00217828230089489
Visa_mpagado_mean6	0.000869457800054395	0.00161870730961881	0.00169546715172747
mv_Finiciomora_mean6	0.000863067609348761	0.00165438052498036	0.000830891186939289
Visa_delinquency	0.000862172214919348	0.00064735818499235	0.000235793444942231
mautoservicio_lag1	0.000846616591219794	0.00124489505118213	0.00261618441293046
cprestamos_personales_lag1	0.000843810587873099	0.00150047995034366	0.000572641223431132
mv_mconsumosdolares_mean6	0.000839315257546581	0.0012071835226857	0.00247021704225194
mpagomiscuentas_mean6	0.000827706759364694	0.00126424762804175	0.00230179315300749
mv_mpagominimo_delta1	0.000821985721958057	0.00146071159848751	0.00149335848463413
ccajas_consultas_mean6	0.000811353365646286	0.00274128305644927	0.00174038018885932
mvr_mpagominimo_lag1	0.000810576862076947	0.00136754927206527	0.00243653226440305
Master_msaldopesos_mean6	0.000810237830914024	0.00125130706601816	0.00234670619013934
mv_mpagospesos_lag1	0.00080833758803119	0.00122869823970163	0.00204354318949933
mtransferencias_emitidas	0.000806419766317541	0.00242942525006496	0.00224565185659267
mv_mlimitecompra_lag1	0.000789727772517095	0.00103096162290965	0.00203231493021637
cmobile_app_trx_lag1	0.000786608521182797	0.00141824303338705	0.00279583656145788
mv_mpagominimo_lag1	0.000784735905631662	0.000977511023468522	0.00207722796734822
mv_mfinanciacion_limite_mean6	0.000784233167169699	0.000973763477994321	0.00195371711523563
mv_status02_mean6	0.000772584534778254	0.000685875045044974	0.000606326001280022
matm_mean6	0.000769887824765635	0.00133301037787209	0.002144597523046
Visa_cconsumos_lag1	0.000769077106686217	0.00118564746876033	0.00224565185659267
Master_msaldopesos	0.000763785260493482	0.0016924967252891	0.00175160844814228
mv_fultimo_cierre	0.000760525222099791	0.000922160436070362	0.00233547793085638
mvr_mpagospesos	0.000756897385936843	0.000960887200249159	0.00165055411459561
mvr_mconsumospesos	0.000755860422647811	0.000899556898389514	0.00209968448591415
Visa_mpagominimo_lag1	0.00075277903215597	0.00108910661597711	0.00209968448591415
cpagomiscuentas_mean6	0.000747257980884227	0.00131439328610444	0.00230179315300749
mvr_mpagominimo_delta1	0.000745850341917043	0.00177331792918621	0.0014709019660682
mtarjeta_visa_debitos_automaticos_delta1	0.00074502831903208	0.00242094209607954	0.00145967370678524
ccaja_seguridad	0.000735254958744444	0.00335341655709512	0.000494043408450388
ctarjeta_debito_mean6	0.000733251921555062	0.00131915670554463	0.00194248885595266
mtarjeta_visa_consumo_mean6	0.00073144427491782	0.000910097058101412	0.00187511930025488
mv_fultimo_cierre_lag1	0.000725311594804177	0.00088108478818599	0.00209968448591415
Visa_msaldototal_delta1	0.000722688870944736	0.00105108014010805	0.00194248885595266
Master_mpagospesos_mean6	0.000721929856655737	0.00164723028955115	0.0020547714487823
mv_msaldototal_lag1	0.00071818713224534	0.000867709190286647	0.00136984763252153
Master_fultimo_cierre	0.000717379319954744	0.00108108257027808	0.00231302141229045
mtarjeta_visa_debitos_automaticos_lag1	0.000716245147527743	0.00217326999890116	0.00192003233738674
mtarjeta_visa_debitos_automaticos	0.00071057144826772	0.00120550775464451	0.00192003233738674
Visa_mconsumospesos_delta1	0.0007028418419839	0.000812990777218097	0.00216705404161193
Master_mconsumospesos_mean6	0.000699366880606424	0.00142820709654414	0.00192003233738674
mv_mconsumospesos_mean6	0.000692959673773809	0.000873638024425629	0.00186389104097192
Visa_mconsumosdolares	0.000692720063516491	0.00131455112452425	0.00184143452240599
mvr_msaldodolares_mean6	0.00069269589688878	0.00204689786714027	0.002144597523046
Master_cconsumos_mean6	0.000690665444415	0.00190066271399398	0.00176283670742525
mtransferencias_emitidas_delta1	0.000685116788154796	0.00238687990856388	0.00176283670742525
ccuenta_debitos_automaticos_mean6	0.000685068672165137	0.0024582287100547	0.00203231493021637
mcuenta_debitos_automaticos_mean6	0.000676912505906449	0.00135658310363161	0.00171792367029339
mplazo_fijo_dolares	0.000676115180338062	0.00381313768694584	0.000741065112675582
mvr_Master_mlimitecompra_mean6	0.000674951460074362	0.00089044822646076	0.00198740189308452
mvr_Visa_mlimitecompra_lag1	0.000674765697779196	0.000840560070245293	0.00176283670742525
Visa_mpagospesos_delta1	0.000669536347269616	0.00117030723389203	0.00227933663444156
internet_mean6	0.000669259710843034	0.00110993052775416	0.00119019548399412
ccallcenter_trx_delta1	0.000665995665091272	0.00100496123100971	0.000696152075543728
mvr_mconsumototal_mean6	0.000658385373543456	0.00073767440477243	0.00179652148527414
Visa_status_mean6	0.000656776939775385	0.000589967916708709	0.000392989074903718
cmobile_app_trx	0.000648453236863842	0.00101416363944659	0.00192003233738674
Visa_msaldopesos_delta1	0.000646640730737764	0.00112850485451956	0.0019312605966697
mv_mconsumototal_mean6	0.000645926645888086	0.000790585016274725	0.00185266278168895
catm_trx_mean6	0.00063845072002848	0.00111091384925575	0.00192003233738674
mvr_Visa_mlimitecompra	0.000637038932327179	0.00087443797616278	0.00170669541101043
cpagomiscuentas	0.000636660464880541	0.00171929278330763	0.000931945520485959
internet_delta1	0.000635777838827741	0.000706208299088346	0.000965630298334849
mvr_mconsumosdolares_mean6	0.000635229717653928	0.000749051536671188	0.0016842388924445
Visa_mconsumototal_lag1	0.000634677658659261	0.000628696139821485	0.00171792367029339
mvr_msaldopesos2_lag1	0.0006327472533345	0.000914037456410912	0.00198740189308452
ccajas_extracciones_mean6	0.000623385165188178	0.00389473659383693	0.0014709019660682
Visa_mconsumototal_delta1	0.000620178632073852	0.000662975799683334	0.00207722796734822
mvr_mpagospesos_lag1	0.000617410492442922	0.00102582298388684	0.00181897800384007
Visa_mconsumosdolares_lag1	0.00061701331942466	0.000780746877356662	0.00187511930025488
Master_fultimo_cierre_lag1	0.000611408069100066	0.00103745415266462	0.00195371711523563
Visa_fultimo_cierre_lag1	0.000610711830826628	0.000916321144004317	0.00183020626312303
Visa_cconsumos_delta1	0.000596658498286365	0.00164757623927083	0.00162809759602969
mvr_msaldototal_lag1	0.000596550351325413	0.00111914579304673	0.0018077497445571
Master_mconsumototal_mean6	0.000592569252700311	0.0012816023771844	0.00169546715172747
mvr_mconsumospesos_lag1	0.000589470673975366	0.000906137967200312	0.00183020626312303
mvr_Master_mlimitecompra_lag1	0.000589166737468782	0.00134645901365374	0.00174038018885932
mcomisiones_mantenimiento_delta1	0.00058349341932408	0.00293742533195274	0.000763521631241509
mvr_msaldopesos_lag1	0.000572474700756585	0.00157160763215335	0.00162809759602969
mv_msaldopesos_lag1	0.000572057982646833	0.000841736153398806	0.00158318455889783
mpagomiscuentas_lag1	0.000571692957283553	0.00124548363985913	0.00119019548399412
mtransferencias_emitidas_lag1	0.000570638849336782	0.00112800763158298	0.00172915192957636
mvr_mpagospesos_delta1	0.000562320791962105	0.000978390487107507	0.00163932585531265
ccaja_seguridad_lag1	0.000560432764584331	0.00156895045746141	0.000336847778488901
mforex_sell_mean6	0.000556427789152157	0.00195958978685735	0.00140353241037042
Master_mpagominimo_lag1	0.000556156022291799	0.00127248130431683	0.00145967370678524
mv_msaldopesos_delta1	0.000548406435784018	0.00127691609887833	0.00169546715172747
mv_status06	0.000545185408451395	0.000455046614199859	0.000291934741357047
mv_cconsumos_lag1	0.000543158071375891	0.000954557888733047	0.00133616285467264
ctarjeta_visa_trx_delta1	0.000539718938073623	0.00128209567923592	0.0013473911139556
tpaquete7	0.000539384983889127	0.00106115417041378	0.000157195629961487
mvr_mpagado_mean6	0.000536902645558026	0.00102164778839016	0.00132493459538968
Master_mpagominimo_delta1	0.000531883444296808	0.00139251154125604	0.000954402039051886
mtarjeta_visa_consumo_delta1	0.000529899621070511	0.00105735428568309	0.00149335848463413
cmobile_app_trx_delta1	0.000529243837746088	0.00160077309013652	0.00157195629961487
Master_mpagospesos	0.000525619883615956	0.00116163788345759	0.0014709019660682
mplazo_fijo_dolares_delta1	0.000518165043523875	0.00517884614906359	0.000617554260562985
mvr_msaldopesos2_delta1	0.000515702944373666	0.00114505782825759	0.00169546715172747
Master_Finiciomora_mean6	0.000506899171605779	0.00171329948252347	0.000359304297054828
cplazo_fijo	0.000503755667031923	0.00379257127701601	0.000460358630601498
ctarjeta_master_mean6	0.000500689124315661	7.24180177303951e-05	0.000145967370678524
mvr_mpagosdolares_mean6	0.00049777891761788	0.00210590062220377	0.00166178237387858
Master_msaldototal_mean6	0.000497548141498968	0.000616737531548875	0.00128002155825782
mcuenta_debitos_automaticos_lag1	0.000491497327292256	0.00111786959054893	0.00120142374327708
mtarjeta_master_consumo	0.00048792998339488	0.000759562244153393	0.000640010779128912
Master_msaldopesos_lag1	0.000486909692153256	0.0010120790051579	0.00149335848463413
tmobile_app_lag1	0.000482806868979125	0.000448049110921539	0.00108914115044745
ccomisiones_mantenimiento_lag1	0.000481170623995553	0.000373459105230477	0.000595097741997058
cprestamos_hipotecarios_mean6	0.000480482754567863	0.00254165639068798	0.000280706482074084
mv_status06_mean6	0.000480094311265026	0.00014834112434442	0.000291934741357047
ccaja_ahorro_lag1	0.000475143014439661	0.000744413494369788	0.000314391259922974
Master_mpagominimo	0.0004748459179398	0.00146008133900874	0.00131370633610671
Master_msaldototal_lag1	0.000464227449864329	0.000728306680879098	0.00117896722471115
mv_msaldototal_delta1	0.000460578880553044	0.000896435235592139	0.00129124981754079
mv_mpagospesos_delta1	0.000459778673765467	0.000760241286737066	0.00131370633610671
mv_mpagado_mean6	0.000459693487292233	0.00129950750917048	0.00115651070614523
catm_trx_other_mean6	0.00045788758097562	0.000802378765007751	0.00126879329897486
Visa_fechaalta_delta1	0.000454492052830642	0.000465471609310821	0.000617554260562985
cliente_vip_lag1	0.000452699598254616	0.00069964719943638	0.000280706482074084
mvr_mconsumospesos_delta1	0.000452654502926061	0.00102946703623193	0.00143721718821931
mvr_msaldototal_delta1	0.000447810431057028	0.000985488474463605	0.00126879329897486
mv_status07_mean6	0.000440111333880919	0.000378855154917143	0.000460358630601498
mvr_msaldopesos_delta1	0.000437828994987306	0.000660369961230775	0.00124633678040893
ctransferencias_recibidas	0.000435058345782907	0.00213978418149043	0.00104422811331559
cforex_sell_mean6	0.000432429677247895	0.000978998406659723	0.00128002155825782
Master_msaldototal	0.000428664497414426	0.000947593029102498	0.00116773896542819
mvr_msaldodolares2_mean6	0.000428559991139345	0.00104646325234934	0.00117896722471115
mv_fechaalta_delta1	0.000419255684036625	0.000444705325425921	0.000595097741997058
ctransferencias_recibidas_lag1	0.00040903915810268	0.000582431154958543	0.00115651070614523
ctarjeta_debito_trx_lag1	0.000407904810302968	0.00099298712156358	0.00206599970806526
mvr_mconsumototal_lag1	0.000406291332814897	0.000516768913382885	0.00102177159474967
mautoservicio_delta1	0.000405164407385963	0.000921428780680085	0.00150458674391709
Master_mfinanciacion_limite_delta1	0.000403890833524905	0.00175875311772755	0.000606326001280022
ccajas_depositos_mean6	0.00040295245401341	0.00390637523965136	0.000853347705505215
ccajas_trx_delta1	0.000399255517575529	0.000731622381895628	0.000336847778488901
ccajas_otras	0.000398614334110097	0.0015277108618712	0.000224565185659267
mextraccion_autoservicio	0.00039782643903979	0.00109566206225991	0.00123510852112597
Visa_mconsumosdolares_delta1	0.000396757609166789	0.000886167531800747	0.00121265200256004
mv_status05_delta1	0.000390877186324993	0.00066068417913642	0.000247021704225194
cforex_mean6	0.000386490092493604	0.000886996023933855	0.00116773896542819
cplazo_fijo_mean6	0.000383846692162786	0.00129211445241721	0.000370532556337791
ctarjeta_visa_debitos_automaticos_lag1	0.000381673825622938	0.000839866073588339	0.0010105433354667
ctransferencias_emitidas_lag1	0.000377388372159163	0.00110287457593332	0.00111159766901337
ctarjeta_debito	0.000377325996726049	0.00040915903732051	0.000931945520485959
tpaquete9	0.000376546325639211	0.00215123590138884	0.000280706482074084
mdescubierto_preacordado_lag1	0.000373449191169353	0.000194244202397292	0.000224565185659267
mvr_mconsumosdolares_lag1	0.000372754515920139	0.00113947612922214	0.0010105433354667
internet_lag1	0.000369662859078883	0.000603784386219716	0.000988086816900776
mvr_mconsumototal_delta1	0.00036461592395433	0.000850483283250984	0.00117896722471115
mv_msaldodolares_mean6	0.000363289477184436	0.00104880265298405	0.00120142374327708
ctransferencias_emitidas	0.00035802998066015	0.000747229784048762	0.000988086816900776
mv_cconsumos_delta1	0.000357645733067555	0.00126024695752226	0.000707380334826692
Master_mlimitecompra_delta1	0.000356891837774131	0.00135512106941829	0.000774749890524472
mv_mconsumototal_lag1	0.000353607326067981	0.000534946318922728	0.00110036940973041
mv_mconsumototal_delta1	0.000347326373354035	0.000480656467710398	0.000976858557617813
ctarjeta_master_trx_mean6	0.000339342458772433	0.00136273779898716	0.000999315076183739
matm_other_mean6	0.000335623347680611	0.00061490583993872	0.00106668463188152
Visa_msaldodolares_mean6	0.000333753322640501	0.000655652042294046	0.000965630298334849
catm_trx	0.000333298124651027	0.000627662849831129	0.000370532556337791
ctarjeta_visa_debitos_automaticos	0.000328394315926144	0.000523260622487493	0.000988086816900776
ccajas_otras_delta1	0.000325379076045972	0.00167457992183119	0.000202108667093341
mv_status04_mean6	0.000321322663838992	0.000153009074792382	0.000370532556337791
Master_mpagosdolares_mean6	0.00032123800406205	0.00294699447991849	0.000830891186939289
mv_mconsumosdolares	0.000317245159785646	0.00113595216538017	0.000976858557617813
mv_fultimo_cierre_delta1	0.000316336255262633	0.000397898620140042	0.000763521631241509
Visa_mlimitecompra_delta1	0.000315786979854903	0.000708392505621084	0.000494043408450388
ccajas_consultas	0.000312303480188251	0.00269252457105012	0.000381760815620754
mprestamos_prendarios	0.000311596457316409	0.00469217695851044	0.000392989074903718
ccomisiones_otras_delta1	0.000310874746862026	0.000820487691833973	0.00103299985403263
mv_status04_delta1	0.000306407552122993	0.0010536981059493	0.000258249963508157
Master_msaldototal_delta1	0.000302347832199134	0.000816816375660154	0.000718608594109655
mprestamos_hipotecarios_mean6	0.000297357301014411	0.00386088184849636	0.000348076037771864
ctarjeta_visa_descuentos_mean6	0.000295952435948616	0.00347742548936077	0.000595097741997058
Visa_Fvencimiento_delta1	0.000295926743637492	0.000296161500441847	0.000538956445582241
mv_mconsumospesos_delta1	0.000289017519079404	0.000519301987503261	0.000954402039051886
ctransferencias_emitidas_delta1	0.000287210763783391	0.000920123034769222	0.000628782519845948
mtarjeta_master_consumo_lag1	0.000285943927882203	0.000725302553450377	0.000718608594109655
ctarjeta_debito_lag1	0.000284818534374361	0.000789782146669617	0.000741065112675582
ccajas_otras_mean6	0.000282345430016327	0.00145404563795583	0.000516499927016315
ctarjeta_master_delta1	0.000282024276972132	0.000103548477416024	1.12282592829634e-05
Visa_mfinanciacion_limite_delta1	0.000279636585672573	0.000572041994913431	0.000426673852752608
Master_mconsumospesos_lag1	0.000274832554836796	0.000611824936109374	0.000819662927656325
matm_lag1	0.000272060110151532	0.000714495408820391	0.0011340541875793
mv_mconsumosdolares_lag1	0.00026904166002042	0.00050869781706305	0.000875804224071142
mv_status06_delta1	0.000265974246151001	0.000663052484900585	0.000213336926376304
mv_mfinanciacion_limite_delta1	0.000264261600761529	0.00226659180504394	0.000527728186299278
mtarjeta_master_consumo_mean6	0.000262989441598846	0.000373340658028088	0.000954402039051886
ccuenta_debitos_automaticos_lag1	0.000262295971409342	0.000620193837327595	0.000583869482714095
mplazo_fijo_dolares_mean6	0.000259689524620621	0.00138013075396337	0.000460358630601498
ccuenta_debitos_automaticos	0.000257539562234199	0.000687371364206794	0.000595097741997058
thomebanking_lag1	0.00025433589641154	0.000384961796634769	0.000572641223431132
cpayroll_trx_delta1	0.0002539024746756	0.00116616003169107	0.000460358630601498
Master_mpagospesos_delta1	0.000252982538263424	0.00089094599649759	0.000797206409090399
Master_msaldopesos_delta1	0.000248822657963109	0.00066975592179884	0.000696152075543728
mv_Fvencimiento_delta1	0.000247461956545341	0.000457811385272714	0.000583869482714095
matm	0.000244447837842296	0.000340622422256855	0.000606326001280022
minversion1_pesos	0.000242700032737996	0.00386191021458453	0.000336847778488901
Visa_fultimo_cierre_delta1	0.00023927757256561	0.000211315371247847	0.000729836853392619
ccallcenter_trx_lag1	0.00023339610650099	0.00116090157771526	0.000617554260562985
mv_status01_delta1	0.000231728515909173	0.000764204298523235	0.000280706482074084
Visa_mpagado	0.00023030532190239	0.000992256286823666	0.000617554260562985
Master_mpagospesos_lag1	0.000221734223923314	0.00052006829257553	0.000741065112675582
Master_fultimo_cierre_delta1	0.000217925124945797	0.000257616920643629	0.000718608594109655
mvr_mconsumosdolares	0.000216289890685463	0.000457475648090884	0.000718608594109655
mv_mconsumospesos_lag1	0.000214262307214356	0.000302721414709955	0.000819662927656325
Master_fechaalta_delta1	0.000213130939372336	0.000348557199433063	0.000494043408450388
mv_status03	0.000211144250381388	0.000217759117897908	0.000224565185659267
ctarjeta_debito_trx_delta1	0.000207669898354094	0.000541029435329949	0.000774749890524472
Master_delinquency_mean6	0.000207409612271807	0.000786022838540213	0.000303163000640011
mcuenta_debitos_automaticos_delta1	0.000206864163397898	0.000994973095441973	0.000516499927016315
cextraccion_autoservicio_lag1	0.000204538401044976	0.000610070750366833	0.000842119446222252
ccuenta_debitos_automaticos_delta1	0.00020203572079331	0.00273238137077873	0.000392989074903718
cliente_vip	0.000195243793879915	0.00041009658476852	0.000280706482074084
Master_mconsumototal_lag1	0.000193842562055624	0.000331676968566959	0.000628782519845948
Master_mconsumospesos_delta1	0.000191795430277822	0.000630303246782307	0.000684923816260765
Master_mconsumosdolares_mean6	0.000191296494463904	0.000280285289703153	0.000538956445582241
Visa_status_delta1	0.000190350215990908	0.000363883574428565	0.000157195629961487
mv_mpagosdolares_mean6	0.00018918182136505	0.0005705225151747	0.000527728186299278
Master_cconsumos	0.000185590011686362	0.000322520425367032	0.000572641223431132
Master_cconsumos_delta1	0.0001845092992237	0.00030703602958497	0.000595097741997058
Master_delinquency	0.000181956628200685	0.000479267106645885	0.000145967370678524
cpagomiscuentas_lag1	0.000179435640796631	0.000308095124470073	0.000606326001280022
cseguro_accidentes_personales_mean6	0.000177570688239301	0.000581048085546813	0.000494043408450388
Master_mconsumospesos	0.000175548544512808	0.000435970414145814	0.000752293371958545
thomebanking_delta1	0.0001723485715132	0.00063076153441834	0.000336847778488901
ctransferencias_recibidas_delta1	0.000172316637486804	0.000563065265326368	0.000561412964148168
mttarjeta_master_debitos_automaticos_mean6	0.000170846884457339	0.000466182018975034	0.000437902112035571
Visa_delinquency_lag1	0.000170634370555919	0.000629062149883371	0.000112282592829634
mv_status03_delta1	0.000170401331307845	0.000662530824819856	0.00016842388924445
cliente_vip_delta1	0.000168838139220771	0.000355548502241974	0.000224565185659267
Master_mconsumototal	0.000168154329525207	0.000305379592418997	0.000494043408450388
Master_madelantopesos_mean6	0.000167728378495171	0.000191579003568478	0.000415445593469644
mv_status03_mean6	0.000166146006151854	0.000239415077959644	0.000404217334186681
tcallcenter_delta1	0.00016509385693408	0.000302256197137523	0.000213336926376304
Master_mpagado_mean6	0.000163326175290679	0.000455870820714405	0.000392989074903718
Visa_mpagado_delta1	0.000162749095131812	0.000697783046545201	0.000426673852752608
ctarjeta_master_debitos_automaticos_mean6	0.000159142564164317	0.000828174267867069	0.000471586889884461
mprestamos_prendarios_lag1	0.000156732959922364	0.0024458902318474	0.000258249963508157
Master_cconsumos_lag1	0.000156563300905759	0.000500399582959418	0.000460358630601498
active_quarter_mean6	0.000156070049807416	0.000390916709218619	0.000426673852752608
mcaja_ahorro_adicional	0.000155920364889752	0.00333800474327849	0.000303163000640011
mv_status02_delta1	0.000154496449903593	0.000669855402859507	0.000269478222791121
mcheques_depositados_mean6	0.000150935245712868	0.00136393476313324	0.000336847778488901
mextraccion_autoservicio_delta1	0.000150773287395007	0.000466590064572179	0.000583869482714095
matm_delta1	0.000150633421956477	0.000357101811012333	0.000527728186299278
cseguro_vida_mean6	0.000149982680912787	0.000755235045972812	0.000303163000640011
ccheques_depositados_mean6	0.000146372768713239	0.00118447229744056	0.000336847778488901
cplazo_fijo_lag1	0.00014558355691975	0.000426979915869328	0.00016842388924445
Visa_msaldodolares_lag1	0.000141089713457782	0.000476798590354063	0.000381760815620754
Master_Fvencimiento_delta1	0.000140986000250833	0.000161776812087007	0.000392989074903718
Visa_mpagosdolares	0.000140443113488514	0.000257664700731429	0.000482815149167425
mplazo_fijo_dolares_lag1	0.000139891268527094	0.00068868814330587	0.000247021704225194
ctarjeta_debito_delta1	0.000138018279408525	0.00327454102402524	0.000258249963508157
catm_trx_lag1	0.000137246752233178	0.000433720008483796	0.000494043408450388
mvr_msaldodolares_lag1	0.000136239206161636	0.000701939367083536	0.000426673852752608
mv_mconsumosdolares_delta1	0.000133860698112521	0.000601059735831273	0.000449130371318535
mv_mpagado	0.000131883638865431	0.000820269216470675	0.000325619519205938
mv_mlimitecompra_delta1	0.000131176039703625	0.000645399474942682	0.000269478222791121
tpaquete9_mean6	0.000130272983018028	0.000379167275605193	0.00010105433354667
mpagomiscuentas_delta1	0.000129716900870144	0.000381886910908084	0.000516499927016315
minversion2	0.000129662788709766	0.00290024622317513	0.000247021704225194
mvr_mconsumosdolares_delta1	0.000128763091184381	0.000474845898407057	0.000381760815620754
tcuentas_mean6	0.000127442296341947	0.000436970239838036	0.000145967370678524
mtarjeta_visa_descuentos_mean6	0.000126243608589005	0.000630817065092901	0.000202108667093341
mforex_buy_mean6	0.000124154880990408	0.00186577896428161	0.000247021704225194
Master_mconsumototal_delta1	0.000124131629402789	0.000329028638662272	0.000415445593469644
Visa_msaldodolares_delta1	0.000121768522338445	0.000315198400461843	0.000280706482074084
Visa_mpagosdolares_delta1	0.00011914856354872	0.000232284538139149	0.000348076037771864
Visa_mpagosdolares_lag1	0.000118770654912257	0.000255580157626105	0.000280706482074084
tcuentas_lag1	0.00011830790583548	0.00207094985271176	0.000235793444942231
mcheques_emitidos_mean6	0.000113409940327046	0.00117432687055325	0.000247021704225194
ccajas_trx	0.000112211364775005	0.000488695285115956	0.000280706482074084
mv_mpagado_delta1	0.000107919951618171	0.00055484326052312	0.000325619519205938
ccajas_consultas_delta1	0.000105893145550952	0.00108756288146098	0.000224565185659267
mtarjeta_master_consumo_delta1	0.000103221709415948	0.000256027685624046	0.000359304297054828
catm_trx_delta1	0.000103171842913923	0.000243836195015099	0.000303163000640011
ccajas_trx_lag1	0.000101567446756091	0.000472776856475256	0.000359304297054828
tcallcenter_lag1	0.000100969019352506	0.000444801250335015	0.000258249963508157
matm_other_lag1	9.7742659812778e-05	0.000173242847775086	0.000348076037771864
Master_status_delta1	9.75763627837708e-05	7.95347888614671e-05	0.000145967370678524
ctarjeta_master_trx_lag1	9.72485123042158e-05	0.000208122403052268	0.000291934741357047
mvr_mpagado	9.605897459881e-05	0.000485993157020808	0.000280706482074084
mprestamos_prendarios_mean6	9.39835224222076e-05	0.00118311758605804	0.000157195629961487
matm_other	9.2665563779347e-05	0.000723970729094646	0.000258249963508157
Master_msaldodolares_mean6	9.1059734459072e-05	0.000188645269704224	0.000258249963508157
ctarjeta_master_trx	8.88059089987568e-05	0.000178970804941888	0.000258249963508157
mvr_msaldodolares2_delta1	8.52525228015723e-05	0.00142454380450721	0.000359304297054828
mvr_msaldodolares_delta1	8.49294675060886e-05	0.000550704903109396	0.000247021704225194
Master_cadelantosefectivo_mean6	8.40160393598283e-05	9.74571545051727e-05	0.000213336926376304
cpagomiscuentas_delta1	8.39865688841395e-05	0.00068443562430832	0.000291934741357047
tpaquete9_lag1	8.3722287858638e-05	0.00043409021298087	0.00010105433354667
mttarjeta_master_debitos_automaticos_lag1	8.35912288159361e-05	0.000489238373289497	0.000247021704225194
minversion1_pesos_mean6	8.30763816257078e-05	0.00103052275733221	8.98260742637069e-05
cextraccion_autoservicio_delta1	8.24430966477856e-05	0.000332641506293572	0.000269478222791121
active_quarter_lag1	8.20898951758558e-05	0.000225569065035571	0.000202108667093341
Master_delinquency_lag1	8.16727577700472e-05	0.000304845075482581	0.000112282592829634
mforex_sell_lag1	7.9665002603321e-05	0.000160748537182202	0.000291934741357047
matm_other_delta1	7.86255168273104e-05	0.000499004477342365	0.000291934741357047
ctarjeta_visa_delta1	7.67532360231197e-05	0.000213899690424222	5.61412964148168e-05
mvr_mpagado_lag1	7.49439788864542e-05	0.0008206001209337	0.000190880407810377
Master_mconsumosdolares_lag1	7.36849361630183e-05	0.000191188100445582	0.000280706482074084
mttarjeta_master_debitos_automaticos	7.21893955912469e-05	0.000786576959901967	0.000280706482074084
ctarjeta_visa_debitos_automaticos_delta1	7.204895627633e-05	0.000330786654106507	0.00013473911139556
ctarjeta_master_lag1	7.13982294353765e-05	2.47418789766342e-05	3.36847778488901e-05
mvr_msaldodolares	7.1232377812759e-05	0.000317860590239326	0.000258249963508157
ccajas_depositos_lag1	6.97158378716561e-05	0.00030512282003876	0.00010105433354667
cseguro_accidentes_personales_lag1	6.85727234281446e-05	0.000141471277789229	0.000179652148527414
Visa_cadelantosefectivo_mean6	6.85614998583434e-05	0.00010629063501221	0.00013473911139556
mvr_mpagosdolares	6.70718525042364e-05	0.000439264139969291	0.000190880407810377
ccheques_emitidos_mean6	6.67347238630434e-05	0.000649899374432982	0.00013473911139556
mvr_mpagado_delta1	6.6404410718124e-05	0.00044547637203362	0.000190880407810377
mprestamos_hipotecarios_lag1	6.63574802417146e-05	0.000837940919020179	6.73695556977802e-05
mvr_msaldodolares2_lag1	6.60727543407537e-05	0.00027829311535535	0.000224565185659267
Visa_mpagado_lag1	6.47194483474136e-05	0.000180868057397707	0.000202108667093341
Visa_msaldodolares	6.46817151249889e-05	0.000215245557019497	0.000235793444942231
mv_mpagado_lag1	6.3824613571138e-05	0.000330341496876281	0.000202108667093341
mforex_sell	6.32298224032019e-05	0.000268336985151766	0.000157195629961487
catm_trx_other_lag1	6.27709094870611e-05	0.000208457228400361	0.000224565185659267
mcaja_ahorro_adicional_lag1	5.98260692621832e-05	0.000706715187462542	0.000145967370678524
mv_status01_lag1	5.70008104289362e-05	4.17964524531833e-05	5.61412964148168e-05
mv_msaldodolares_lag1	5.53184600053751e-05	0.000275538648003719	0.000190880407810377
cseguro_vivienda_mean6	5.5092948476851e-05	0.000200166562516744	0.000145967370678524
mcaja_ahorro_adicional_delta1	5.45040903390527e-05	0.00131321510573333	0.00013473911139556
Master_status_lag1	5.33797766679024e-05	0.000116480012285625	8.98260742637069e-05
minversion2_lag1	5.33355538755665e-05	0.000971729906394874	0.000123510852112597
cseguro_vivienda	5.31493713639061e-05	0.000184388100354617	0.000112282592829634
ccajas_extracciones	5.30186623231977e-05	0.000242789501068814	0.000145967370678524
minversion1_pesos_lag1	5.294804016135e-05	0.000782947040979792	8.98260742637069e-05
cseguro_accidentes_personales	5.28780489186961e-05	0.000149470430427244	0.00013473911139556
ctarjeta_master_trx_delta1	5.25631528510945e-05	0.000120105645589238	0.000190880407810377
Visa_madelantodolares_mean6	5.18847171741745e-05	5.68938659974163e-06	3.36847778488901e-05
cforex_sell_lag1	4.87551671661857e-05	0.00011444771725341	0.00016842388924445
mcheques_depositados_lag1	4.76797365115246e-05	0.000734091171737571	0.00010105433354667
ctarjeta_master_descuentos_mean6	4.66120296689685e-05	0.000689167311934473	0.00013473911139556
Master_mconsumosdolares	4.65622120270821e-05	7.06941048679107e-05	0.000213336926376304
tpaquete7_lag1	4.652858155314e-05	0.000181881469412604	6.73695556977802e-05
mvr_mpagosdolares_delta1	4.64172408417269e-05	0.00041834849771833	0.000157195629961487
Master_msaldodolares_delta1	4.54711601161822e-05	5.6093731893518e-05	7.85978149807435e-05
Master_mconsumosdolares_delta1	4.44749599999283e-05	4.32349613561005e-05	0.000157195629961487
Master_madelantodolares_mean6	4.29333210177798e-05	4.11257075565137e-05	0.000123510852112597
mcaja_ahorro_adicional_mean6	4.29072696375084e-05	0.000695085477618737	0.00010105433354667
mv_status04_lag1	4.14903006413726e-05	1.88104917031894e-05	7.85978149807435e-05
Master_mpagosdolares_lag1	3.9460834364538e-05	6.53451058020553e-05	0.000157195629961487
Visa_madelantopesos_mean6	3.90675209192692e-05	4.46797619118006e-05	6.73695556977802e-05
Visa_delinquency_delta1	3.87057761684255e-05	0.000128734054688905	5.61412964148168e-05
cforex_lag1	3.86540081168987e-05	5.91242113172285e-05	8.98260742637069e-05
ctarjeta_master_debitos_automaticos_lag1	3.72502360574847e-05	5.83247154969458e-05	0.000112282592829634
mv_msaldodolares_delta1	3.66957038262177e-05	0.000157634351421469	0.00013473911139556
mvr_msaldodolares2	3.65320012142927e-05	9.84499590776222e-05	0.000112282592829634
cseguro_vivienda_lag1	3.57555084312388e-05	8.93017135646985e-05	7.85978149807435e-05
Master_mpagosdolares	3.56217503654398e-05	2.84118273998477e-05	0.000123510852112597
Visa_cadelantosefectivo_lag1	3.54686194317845e-05	5.44425833632172e-05	6.73695556977802e-05
mv_status07_lag1	3.44931446757066e-05	1.41311433335197e-05	3.36847778488901e-05
ctarjeta_master	3.4312976385545e-05	5.9099409439592e-05	0.000123510852112597
cseguro_vida	3.40241349399962e-05	0.000392478224492608	8.98260742637069e-05
mvr_madelantopesos_mean6	3.27918453677127e-05	0.000215501417565997	7.85978149807435e-05
Master_mpagado_delta1	3.24049191603663e-05	6.58808081223291e-05	7.85978149807435e-05
Visa_madelantodolares	3.23663103182782e-05	9.27935808591469e-05	7.85978149807435e-05
minversion2_mean6	3.2135995048713e-05	0.0002651328925846	5.61412964148168e-05
cforex_buy_mean6	3.1944061193475e-05	0.000149972030165767	6.73695556977802e-05
ccajas_extracciones_lag1	3.10374499302948e-05	0.000315053418897718	0.00016842388924445
Master_mpagado_lag1	3.08611513255536e-05	8.36819910624359e-05	0.000112282592829634
Visa_madelantopesos	3.03304304501295e-05	9.8227471645883e-05	8.98260742637069e-05
mforex_sell_delta1	3.02096218943322e-05	0.000236844892206188	7.85978149807435e-05
ccheques_emitidos_rechazados_mean6	2.96181727807907e-05	0.000384658156000469	6.73695556977802e-05
Master_madelantopesos_delta1	2.877364245888e-05	2.85615504994033e-05	7.85978149807435e-05
mv_mpagosdolares_lag1	2.86373306828713e-05	6.68552848366722e-05	8.98260742637069e-05
cforex_buy_delta1	2.73381515403333e-05	0.000820149583884428	6.73695556977802e-05
ccheques_depositados	2.64093482684435e-05	0.000245686670400228	6.73695556977802e-05
Master_msaldodolares	2.61960032972848e-05	3.40775975058104e-05	4.49130371318535e-05
Master_mpagado	2.60619142717161e-05	0.00011729227377822	0.00010105433354667
cseguro_vida_lag1	2.59972297909792e-05	0.000201986217921575	5.61412964148168e-05
mcheques_depositados	2.52705109649277e-05	0.000255974343350453	5.61412964148168e-05
catm_trx_other_delta1	2.5224608638585e-05	5.9566177129376e-05	0.000112282592829634
mv_madelantopesos_mean6	2.46681365580028e-05	0.000175462159906685	5.61412964148168e-05
mttarjeta_master_debitos_automaticos_delta1	2.44382621916587e-05	0.000142569581525007	0.00010105433354667
mv_mpagosdolares	2.40199474095153e-05	0.000104166700689463	0.00010105433354667
cprestamos_prendarios_mean6	2.39005730498525e-05	0.000202089255133815	4.49130371318535e-05
mtarjeta_master_descuentos_mean6	2.36942170286891e-05	0.000616912147709441	6.73695556977802e-05
cforex	2.3529603367681e-05	9.26381132070504e-05	7.85978149807435e-05
mv_status03_lag1	2.31313458235943e-05	2.098703883254e-05	6.73695556977802e-05
mv_status02_lag1	2.2962365132738e-05	2.22641531640727e-05	6.73695556977802e-05
mv_msaldodolares	2.24381216821761e-05	0.00024073431900981	8.98260742637069e-05
Master_msaldodolares_lag1	2.24145013279011e-05	0.000168970633168825	6.73695556977802e-05
ccajas_depositos_delta1	2.2278251986707e-05	9.40685979730853e-05	4.49130371318535e-05
ccheques_depositados_delta1	2.21983375353648e-05	0.000515990936838787	7.85978149807435e-05
cplazo_fijo_delta1	2.0890835796514e-05	0.000261914575411143	4.49130371318535e-05
mvr_mpagosdolares_lag1	2.03814440652779e-05	0.000202886015452888	0.000112282592829634
active_quarter	1.91230916577894e-05	2.44716114570953e-05	7.85978149807435e-05
ccheques_depositados_lag1	1.90265802212337e-05	0.000191472319021291	3.36847778488901e-05
Master_mpagosdolares_delta1	1.87398642790881e-05	1.46246277517872e-05	6.73695556977802e-05
Master_madelantodolares_delta1	1.82734963892969e-05	1.45480337179097e-05	4.49130371318535e-05
mv_status05_lag1	1.75231754679867e-05	8.69634071304686e-06	2.24565185659267e-05
cforex_sell	1.72719820543808e-05	7.00934799855884e-05	5.61412964148168e-05
mprestamos_hipotecarios	1.72194353732287e-05	0.000142171292548845	1.12282592829634e-05
Master_madelantopesos_lag1	1.69401347690289e-05	1.10740383646994e-05	5.61412964148168e-05
Master_madelantopesos	1.65785866994107e-05	2.31775370180612e-05	4.49130371318535e-05
catm_trx_other	1.63734640114826e-05	0.000193337748479701	5.61412964148168e-05
mcheques_emitidos	1.59456082384271e-05	0.000285377607572145	3.36847778488901e-05
ccheques_emitidos_delta1	1.54250723762302e-05	1.49362013395958e-05	2.24565185659267e-05
mvr_Visa_mlimitecompra_delta1	1.51220497391868e-05	0.000102350692619578	7.85978149807435e-05
ctarjeta_master_debitos_automaticos	1.48857140355103e-05	8.31626105660479e-05	3.36847778488901e-05
ctarjeta_master_debitos_automaticos_delta1	1.47984939412712e-05	0.000108892826129822	2.24565185659267e-05
mvr_Master_mlimitecompra_delta1	1.47116330991821e-05	7.00835409978591e-05	5.61412964148168e-05
Visa_madelantodolares_lag1	1.46410995954259e-05	2.23222369730964e-05	4.49130371318535e-05
ccheques_emitidos	1.44698307624017e-05	0.000334571220030416	3.36847778488901e-05
mcheques_depositados_rechazados_mean6	1.4413916636631e-05	0.00057738661717735	4.49130371318535e-05
Master_madelantodolares	1.44063494408999e-05	2.98405796817829e-05	5.61412964148168e-05
tcuentas	1.41297727168028e-05	0.000153281439529515	3.36847778488901e-05
cpagodeservicios_mean6	1.33573566777716e-05	0.000324119872924465	4.49130371318535e-05
mv_cadelantosefectivo_mean6	1.31499477005629e-05	4.1872955303687e-05	3.36847778488901e-05
Visa_status_lag1	1.3051863662447e-05	1.75019191077427e-05	4.49130371318535e-05
mtarjeta_visa_descuentos	1.24018812491141e-05	0.000113420901282584	3.36847778488901e-05
ccajas_consultas_lag1	1.21849113873685e-05	0.000101232602091715	8.98260742637069e-05
cseguro_auto_mean6	1.15750146124093e-05	0.000253290360746664	3.36847778488901e-05
mcheques_emitidos_delta1	1.13411276400507e-05	0.000149803705657984	3.36847778488901e-05
ctarjeta_visa_lag1	1.09667195538442e-05	0.000365912769226076	3.36847778488901e-05
ccajas_otras_lag1	1.03494187271212e-05	7.24169235299111e-06	2.24565185659267e-05
Visa_cadelantosefectivo_delta1	1.01821800155722e-05	7.64636416531026e-06	3.36847778488901e-05
mcheques_emitidos_rechazados_mean6	1.00994530929615e-05	0.000229510101628686	2.24565185659267e-05
Visa_madelantopesos_lag1	9.75638002201461e-06	1.22669904423406e-05	3.36847778488901e-05
ccheques_emitidos_lag1	9.61093342484913e-06	0.000168877352577567	2.24565185659267e-05
mv_status06_lag1	9.20443652758033e-06	4.72733817922887e-05	2.24565185659267e-05
mcajeros_propios_descuentos_mean6	9.19355822803736e-06	0.000237787090006254	4.49130371318535e-05
Visa_madelantodolares_delta1	9.17558792138123e-06	1.79060438198199e-05	3.36847778488901e-05
mv_mpagosdolares_delta1	8.10892909396663e-06	6.97395061290262e-05	4.49130371318535e-05
ccheques_emitidos_rechazados_lag1	7.9844501459686e-06	1.1774326674436e-05	2.24565185659267e-05
Master_cadelantosefectivo	7.75495397496238e-06	3.34825348092816e-06	1.12282592829634e-05
mcheques_depositados_delta1	7.53464513429171e-06	0.000112122267674867	4.49130371318535e-05
ccajas_extracciones_delta1	7.45847367691768e-06	2.60869249215463e-05	5.61412964148168e-05
cinversion2_lag1	7.3153857273483e-06	8.16473252625058e-05	1.12282592829634e-05
mforex_buy_delta1	7.31025012838397e-06	0.00021740076723941	2.24565185659267e-05
Master_cadelantosefectivo_delta1	7.06270990128466e-06	3.48821995950182e-06	2.24565185659267e-05
mpagodeservicios_mean6	5.85336853717453e-06	0.000116372780638196	1.12282592829634e-05
mtarjeta_visa_descuentos_delta1	5.76321816041666e-06	4.18607367316161e-05	2.24565185659267e-05
cinversion2_mean6	5.13965948669543e-06	3.41158033393755e-05	2.24565185659267e-05
minversion1_pesos_delta1	5.02779274618254e-06	7.94234539622238e-06	2.24565185659267e-05
Visa_cadelantosefectivo	4.9784360124437e-06	6.30961590740158e-06	2.24565185659267e-05
mtarjeta_visa_descuentos_lag1	4.51534262660689e-06	8.48689250374152e-06	1.12282592829634e-05
cseguro_vivienda_delta1	4.37220414429625e-06	2.12347840587841e-06	1.12282592829634e-05
tpaquete7_delta1	4.23042454664947e-06	2.89533654560359e-05	1.12282592829634e-05
ccheques_depositados_rechazados_mean6	4.18912537698718e-06	1.20182421989862e-05	1.12282592829634e-05
minversion2_delta1	4.10935783689498e-06	3.04298066423973e-05	1.12282592829634e-05
mforex_buy	4.02074933761188e-06	0.00010815506145351	1.12282592829634e-05
ctarjeta_visa_descuentos_delta1	3.88816020782768e-06	6.88955128223958e-05	1.12282592829634e-05
mcheques_emitidos_lag1	3.87114510273819e-06	0.00010045170767966	1.12282592829634e-05
ctarjeta_master_descuentos_lag1	3.86741953604822e-06	1.98077642609484e-05	1.12282592829634e-05
cforex_buy	3.67710717056678e-06	9.49063908103066e-05	1.12282592829634e-05
cliente_edad_delta1	3.60924270258501e-06	1.06784848897467e-05	2.24565185659267e-05
Master_cadelantosefectivo_lag1	3.56363335516204e-06	4.33358101673725e-06	1.12282592829634e-05
Master_madelantodolares_lag1	3.54338679455799e-06	8.25856933608782e-06	1.12282592829634e-05
cforex_delta1	3.31547737358297e-06	1.91054699169912e-05	2.24565185659267e-05
mprestamos_prendarios_delta1	3.21858778608838e-06	0.000146183543356791	1.12282592829634e-05
mv_cadelantosefectivo_delta1	2.5717315336522e-06	7.2372243676816e-06	1.12282592829634e-05
ccajas_depositos	2.44663537094171e-06	1.73859338564426e-06	1.12282592829634e-05
Visa_madelantopesos_delta1	2.3059610069794e-06	2.58632521059495e-05	3.36847778488901e-05
active_quarter_delta1	1.60271637348045e-06	2.9927295070137e-06	1.12282592829634e-05
cseguro_auto_lag1	8.27867724889809e-07	7.55663972562526e-06	1.12282592829634e-05
minversion1_dolares_delta1	4.07136913317641e-07	1.46950213162555e-05	1.12282592829634e-05
mcuenta_corriente_adicional_mean6	3.40364339275657e-07	1.76886626570058e-06	1.12282592829634e-05
cinversion2	3.3628377817492e-07	1.02767309453847e-05	1.12282592829634e-05
cforex_sell_delta1	1.41591444689208e-07	2.08648531118307e-05	1.12282592829634e-05
