Feature	Gain	Cover	Frequency
ctrx_quarter	0.196229555419067	0.0161755227620206	0.0067351598173516
mdescubierto_preacordado_tend6	0.159200288385558	0.0135047262434105	0.0067351598173516
mcuentas_saldo	0.0391345952051239	0.0113179488799598	0.0100456621004566
mtarjeta_visa_consumo	0.033860731151412	0.00666206684548989	0.00445205479452055
mcaja_ahorro	0.0272399508138703	0.00564662641620872	0.00502283105022831
mprestamos_personales	0.0217760102535176	0.00580770425669656	0.00639269406392694
mprestamos_personales_tend6	0.0183174158803081	0.0055926921451415	0.00627853881278539
mpayroll	0.0179077807473046	0.0107745866394504	0.00388127853881279
cpayroll_trx	0.0166622102857433	0.00689726500851615	0.00251141552511416
foto_mes	0.0129201627961685	0.0108299527316274	0.0122146118721461
Visa_status	0.0115402686764942	0.00150682989377507	0.00102739726027397
ccomisiones_mantenimiento_tend6	0.00901012281346908	0.0050851553929836	0.00342465753424658
mcuentas_saldo_tend6	0.00825745644082302	0.00331095260328245	0.00525114155251142
mpasivos_margen	0.00748277470148873	0.00266529301401383	0.00353881278538813
ctarjeta_visa_trx	0.00573345679944097	0.00204286214231019	0.00205479452054795
mactivos_margen	0.00497013411617401	0.00295950580536456	0.0045662100456621
tcallcenter_tend6	0.00491776376040595	0.00609726094778123	0.00342465753424658
mcuenta_corriente_avg6	0.00489485896905214	0.00602310659591135	0.00993150684931507
cprestamos_personales_tend6	0.00466319444916836	0.00275615909658919	0.00125570776255708
ctarjeta_master	0.00462288060061834	1.27643282555762e-05	0.000114155251141553
mtarjeta_visa_consumo_tend6	0.00438476714255105	0.00057080504691545	0.00182648401826484
Visa_fechaalta_tend6	0.00431855113531786	0.00628296529761238	0.00410958904109589
mcomisiones_mantenimiento_tend6	0.00399149898187137	0.00800918820948454	0.0067351598173516
mactivos_margen_avg6	0.00385461247925834	0.00384814665757986	0.00502283105022831
ccaja_ahorro	0.0038543091553941	0.00255967151740817	0.00251141552511416
mrentabilidad_avg6	0.00364880069032951	0.00334139442946583	0.004337899543379
ctrx_quarter_delta1	0.0035740907383095	0.00235730648086876	0.00650684931506849
Visa_status_tend6	0.00356869480721108	0.000832526484630129	0.00091324200913242
mcuenta_corriente_tend6	0.00356806505824453	0.00362268569184498	0.00684931506849315
ctarjeta_visa_debitos_automaticos_tend6	0.00331272325548379	0.000752787623559666	0.00296803652968037
mcaja_ahorro_dolares_delta1	0.00330428258135745	0.00503837319966856	0.00422374429223744
mcomisiones_mantenimiento_avg6	0.00326907002085203	0.00417369528483299	0.00410958904109589
Visa_Finiciomora	0.00319363424359991	0.00735065517616923	0.00273972602739726
cliente_edad_avg6	0.00302319440032985	0.00495231523969873	0.00650684931506849
mcuenta_corriente	0.00295563198127703	0.00369606772584423	0.00547945205479452
cproductos_delta1	0.00280084950086732	0.00207096519172345	0.00148401826484018
mactivos_margen_tend6	0.00275840454997625	0.00257186955320209	0.00559360730593607
cliente_edad	0.00274149090777728	0.00232347133852389	0.0067351598173516
cproductos_tend6	0.00268386976539254	0.0043477024218572	0.00342465753424658
cliente_edad_lag1	0.00258780388128544	0.00188454511627944	0.00547945205479452
mrentabilidad_annual_tend6	0.00256887174242802	0.0041598150164358	0.00719178082191781
Visa_mpagominimo_avg6	0.00250972535835084	0.00357822711005451	0.0045662100456621
Visa_status_delta1	0.00247626842536143	0.00244138926007749	0.00125570776255708
mrentabilidad_annual_delta1	0.00242390274768839	0.00267583433920307	0.00616438356164384
ccomisiones_mantenimiento_delta1	0.00238015070272414	0.00296024113483142	0.00251141552511416
mcaja_ahorro_delta1	0.00227881811064692	0.00552372726631997	0.00525114155251142
Master_Fvencimiento	0.00227262018362622	0.00275894617281295	0.00502283105022831
Visa_fechaalta_lag1	0.00223887415190971	0.000730599389792612	0.00365296803652968
numero_de_cliente	0.00220764983385207	0.00166013868993592	0.00627853881278539
Visa_fechaalta	0.00219679967892214	0.00234520017631618	0.00639269406392694
mtarjeta_visa_debitos_automaticos_tend6	0.00218382112834782	0.00426450440526655	0.004337899543379
mdescubierto_preacordado_avg6	0.00217898709386521	0.0020016907199624	0.00262557077625571
mpayroll_avg6	0.00217233206946969	0.00402138110684941	0.00342465753424658
cproductos	0.00216091379303943	0.00217795488938441	0.00285388127853881
mcomisiones_mantenimiento	0.0021444760575009	0.00541638137033075	0.00365296803652968
Visa_mpagominimo	0.00212827967142387	0.00136887609366956	0.00399543378995434
mcuenta_corriente_delta1	0.00209629308722378	0.00269927980881413	0.00490867579908676
mtransferencias_emitidas_avg6	0.00207997025055168	0.00187130326773125	0.00353881278538813
mrentabilidad_annual_avg6	0.002077648331644	0.00401626709014473	0.00513698630136986
chomebanking_trx_delta1	0.002046179272432	0.00266248892312434	0.00410958904109589
cpayroll_trx_avg6	0.00203231125058869	0.00284930736367691	0.0021689497716895
mcuentas_saldo_lag1	0.00200657812470519	0.00363505683336852	0.00502283105022831
Master_Fvencimiento_avg6	0.00200647827874129	0.00197128329299453	0.00547945205479452
Visa_delinquency_tend6	0.00199517134082463	0.00305252979141562	0.00262557077625571
mpasivos_margen_avg6	0.00198955433496875	0.00125075177682296	0.004337899543379
Visa_fechaalta_avg6	0.00196520249505285	0.00151556211613613	0.00468036529680365
Master_fultimo_cierre_avg6	0.00190780486707727	0.00425978875367044	0.00582191780821918
ctrx_quarter_tend6	0.00188788192411615	0.00115742078702064	0.00376712328767123
mcuentas_saldo_avg6	0.00188208022671369	0.00448207907343451	0.00490867579908676
chomebanking_trx_avg6	0.00187993293745372	0.00309258860257813	0.00479452054794521
ctarjeta_visa_trx_tend6	0.00187959103927843	0.00189364833233027	0.00353881278538813
ctransferencias_recibidas_avg6	0.00184471860453912	0.00295677384186241	0.00479452054794521
mprestamos_personales_delta1	0.00184436866024751	0.00615688070639131	0.00342465753424658
Visa_Fvencimiento_avg6	0.00178807214443597	0.00367981132238912	0.00536529680365297
mcuentas_saldo_delta1	0.00177986780657538	0.00500239309978931	0.00479452054794521
mrentabilidad_tend6	0.00177911486407455	0.00126637715810982	0.00445205479452055
mcaja_ahorro_avg6	0.00177817534073956	0.00139397753411722	0.00399543378995434
mcaja_ahorro_lag1	0.00176448179763766	0.00700357264001167	0.004337899543379
mactivos_margen_delta1	0.00174922415373365	0.00106462575918888	0.00422374429223744
mrentabilidad_annual_lag1	0.00174230890697366	0.0018262025672514	0.00513698630136986
Master_fechaalta_lag1	0.0016895798218007	0.00237996594689979	0.00410958904109589
thomebanking	0.00168535153404725	0.00291990860948104	0.00205479452054795
Visa_mpagospesos_tend6	0.00166936427967832	0.00195568417347433	0.004337899543379
mtransferencias_recibidas	0.00164040997690134	0.00209301989735291	0.00285388127853881
mpasivos_margen_tend6	0.00162982288492488	0.00743260520401682	0.00468036529680365
Visa_fultimo_cierre_avg6	0.00159314341318668	0.00141144160895529	0.00445205479452055
mcomisiones_otras_avg6	0.00158504060493077	0.00408566769236262	0.00410958904109589
Visa_cconsumos_avg6	0.00156167813772801	0.00314748087330289	0.00445205479452055
chomebanking_trx	0.00154275223854983	0.00276682433293105	0.00296803652968037
ccaja_seguridad	0.00152885235032806	0.00346470082168004	0.00182648401826484
mrentabilidad_annual	0.00151842596837343	0.00180204174191151	0.00342465753424658
ccallcenter_trx_avg6	0.0014668969588225	0.00268532445395729	0.00342465753424658
ctransferencias_recibidas_tend6	0.00146133059534253	0.00428983258462929	0.00445205479452055
Visa_Fvencimiento	0.00145927676811855	0.00203765861366841	0.00399543378995434
ctrx_quarter_lag1	0.00145831248579551	0.00104516172135919	0.00319634703196347
cmobile_app_trx_avg6	0.00144642980339162	0.00146826578400874	0.004337899543379
Master_fechaalta	0.00143149199575493	0.00206536514739329	0.00388127853881279
Visa_mpagospesos_avg6	0.00142037317658507	0.00160249966034751	0.00353881278538813
ctarjeta_debito_avg6	0.00141904133461989	0.00314295830117443	0.00490867579908676
Visa_mconsumospesos_tend6	0.00141438061823178	0.000533734159009146	0.00365296803652968
ccomisiones_mantenimiento_avg6	0.00141268692073432	0.00451883777921303	0.00376712328767123
Visa_mpagospesos	0.00140548374551072	0.00278888014821262	0.00353881278538813
mactivos_margen_lag1	0.00140123892907998	0.00109113571805195	0.00319634703196347
mcaja_ahorro_dolares_avg6	0.00139801454542782	0.00046402914222826	0.00342465753424658
Visa_mfinanciacion_limite	0.00138414487101268	0.00297585541959716	0.00342465753424658
chomebanking_trx_tend6	0.00138004168309505	0.00185317081243712	0.00376712328767123
Visa_mpagominimo_lag1	0.0013793180045789	0.00115716482726658	0.00285388127853881
mtransferencias_recibidas_avg6	0.00137476962904764	0.00159018474119769	0.00410958904109589
ctarjeta_debito_trx_avg6	0.00137289055648687	0.00294678660296157	0.00399543378995434
mtarjeta_master_consumo	0.00136667114307339	0.000778050333447741	0.00091324200913242
mcaja_ahorro_dolares_tend6	0.00136037295953491	0.00145707161349302	0.00296803652968037
Visa_mpagominimo_tend6	0.00135726594546983	0.000791794854403114	0.00273972602739726
Master_fechaalta_avg6	0.00135639712025273	0.000707770516872333	0.00365296803652968
Visa_msaldototal_tend6	0.00135124266363131	0.00692162261216408	0.00342465753424658
cliente_antiguedad	0.00134833950103362	0.0013351833566792	0.00365296803652968
ctransferencias_emitidas_avg6	0.00133710274489862	0.00134350204868615	0.00262557077625571
ccallcenter_trx	0.00131615758417422	0.00310905620981875	0.00205479452054795
ccaja_ahorro_tend6	0.00131199074856939	0.00204644594875107	0.00114155251141553
cproductos_avg6	0.00129580094688891	0.00103063045705571	0.00376712328767123
Visa_msaldopesos_avg6	0.00128417133951328	0.000894298598455341	0.00273972602739726
thomebanking_avg6	0.00128361811113236	0.00496366106266988	0.00319634703196347
ccaja_ahorro_delta1	0.00128151849272588	0.00335498322924135	0.00091324200913242
mrentabilidad_delta1	0.00128117548420578	0.00137606294052128	0.00342465753424658
mcaja_ahorro_dolares_lag1	0.00127820651906781	0.000802236310902191	0.00353881278538813
mtransferencias_recibidas_tend6	0.00127459728368792	0.00131314344641125	0.00365296803652968
ctrx_quarter_avg6	0.00126165343416318	0.000414578605465546	0.00273972602739726
Visa_Fvencimiento_lag1	0.00123190070099493	0.00100295869243037	0.00342465753424658
mpayroll_delta1	0.00121655527697267	0.00757287595773422	0.00319634703196347
mcuenta_debitos_automaticos	0.00119968187793079	0.00374563477607881	0.00228310502283105
mpayroll_tend6	0.00119654342505507	0.00181241661928381	0.0021689497716895
mcaja_ahorro_tend6	0.00119460042444688	0.00159677940370511	0.00399543378995434
Master_fultimo_cierre_tend6	0.00119080089031607	0.00606309106038229	0.00319634703196347
Visa_cconsumos_delta1	0.0011867478077255	0.00167246433572283	0.00273972602739726
Master_Fvencimiento_lag1	0.00117777635178929	0.00114828428140642	0.00388127853881279
Visa_mpagado_avg6	0.00116902894879058	0.00322745941922975	0.00308219178082192
Master_fechaalta_tend6	0.00116319530067967	0.000431165685250329	0.00171232876712329
Visa_mconsumospesos_avg6	0.00115612442219044	0.000802364660663259	0.00262557077625571
ccomisiones_otras_tend6	0.00115203599793829	0.00178896301222393	0.00376712328767123
Visa_fultimo_cierre	0.00114874300888342	0.00394751489464485	0.00376712328767123
Visa_cconsumos_tend6	0.00114757167351247	0.00120419669230704	0.00331050228310502
cpayroll_trx_lag1	0.00114542277828407	6.99842792293187e-05	0.000228310502283105
Master_mfinanciacion_limite	0.00114151960038103	0.00253549478705467	0.00353881278538813
mtransferencias_recibidas_lag1	0.00114051487073357	0.00431104062569655	0.00296803652968037
mrentabilidad_lag1	0.00113833268439379	0.00073857741860088	0.00365296803652968
mcuenta_corriente_lag1	0.00111930872275694	0.00160758593574936	0.00262557077625571
ccomisiones_otras_avg6	0.00110303057358015	0.00269634477897531	0.00342465753424658
Visa_delinquency_avg6	0.00110119773678365	0.00243166241953917	0.00148401826484018
mcomisiones_otras_lag1	0.00109394763784063	0.000530823541516807	0.00308219178082192
Master_mpagospesos_tend6	0.00109271941227742	0.00337019212110182	0.00228310502283105
ccaja_ahorro_avg6	0.00109052185938673	0.00188659575338422	0.00228310502283105
chomebanking_trx_lag1	0.00108245499493809	0.000736033356189861	0.00308219178082192
ctarjeta_master_delta1	0.00107438622788659	0.000124816258855934	0.000228310502283105
Visa_mconsumosdolares_avg6	0.00106460510569806	0.00278825615384109	0.00342465753424658
ccomisiones_otras	0.00106322066401361	0.00302572947358299	0.0023972602739726
ctarjeta_visa_debitos_automaticos_avg6	0.00105326873365728	0.00242469158496544	0.00273972602739726
Visa_mconsumosdolares_tend6	0.00104976240749105	0.00217908044651101	0.00342465753424658
thomebanking_tend6	0.0010345208787515	0.00319873829358956	0.00205479452054795
mrentabilidad	0.00102972695205416	0.00105070036493909	0.00273972602739726
mcomisiones_otras_tend6	0.00101621501283777	0.000268925669116165	0.00228310502283105
Visa_msaldopesos_lag1	0.00101567152530999	0.000623095923203348	0.00159817351598174
mcomisiones_tend6	0.00101435727798272	0.00244697783800248	0.00308219178082192
cliente_antiguedad_avg6	0.0010116896364609	0.00140720421741987	0.00296803652968037
internet_avg6	0.00101103642082636	0.00235227013981199	0.00228310502283105
Visa_mconsumospesos	0.0010049662892421	0.00101248061721182	0.00296803652968037
Visa_Fvencimiento_tend6	0.00100247820993244	0.0014360947499493	0.00251141552511416
Visa_mpagospesos_lag1	0.000996309398949084	0.000787982829511	0.00296803652968037
ccajas_extracciones_avg6	0.000996125596566045	0.00319145786607632	0.00296803652968037
Visa_mlimitecompra	0.000975625392657419	0.00158877918185458	0.00262557077625571
Master_Fvencimiento_tend6	0.00096144561025257	0.000525773514750648	0.00228310502283105
Visa_mpagospesos_delta1	0.000955086099580988	0.000845252344945789	0.00319634703196347
Visa_mpagominimo_delta1	0.00094761920007929	0.00116267498977558	0.00251141552511416
ctarjeta_visa_trx_avg6	0.000947342611039876	0.00180092358246567	0.00251141552511416
cprestamos_personales_avg6	0.000946276450696162	0.00202121948749869	0.00171232876712329
Master_status_delta1	0.00094204681958083	0.000741734748746338	0.000799086757990868
mpagomiscuentas	0.00093268555494113	0.00279118045704282	0.00102739726027397
mtarjeta_visa_debitos_automaticos_avg6	0.000921358010918373	0.000729508601765556	0.00205479452054795
mautoservicio_avg6	0.000915732458144415	0.00181857370897469	0.00262557077625571
Master_fultimo_cierre_lag1	0.00091024950737709	0.000433198198037265	0.00319634703196347
mpasivos_margen_delta1	0.00090792302799253	0.000623737302124648	0.00251141552511416
ccallcenter_trx_tend6	0.000902332458847577	0.00230768468779661	0.00194063926940639
ctarjeta_visa_trx_lag1	0.000899246144095421	0.00462766875961345	0.00228310502283105
Master_mpagominimo	0.000897497625449311	0.0022341498916898	0.00148401826484018
ccajas_trx_avg6	0.000881357324730986	0.000441415541817899	0.00251141552511416
mcuenta_debitos_automaticos_tend6	0.00087350523100346	0.00280270789307647	0.00228310502283105
Master_cconsumos_avg6	0.000865094752930065	0.00299799963716373	0.00262557077625571
ctransferencias_emitidas_tend6	0.000858017022999332	0.00101609142518745	0.00251141552511416
cliente_antiguedad_lag1	0.000856251306953935	0.000615029122226041	0.0021689497716895
mcaja_ahorro_dolares	0.000850925221056958	0.00345680342759198	0.00285388127853881
cmobile_app_trx_tend6	0.000850870682487737	0.00292946567324608	0.00308219178082192
ccajas_consultas_tend6	0.000839264223693315	0.00236818514030035	0.0023972602739726
mpasivos_margen_lag1	0.000818400492447417	0.00049993600506805	0.0023972602739726
mcomisiones	0.000815395603475077	0.00195551439670105	0.00205479452054795
cextraccion_autoservicio_avg6	0.000809552579940965	0.000902112028866851	0.00262557077625571
Master_mfinanciacion_limite_avg6	0.000808132505878403	0.000349865913540944	0.00205479452054795
Visa_msaldototal_lag1	0.000806626659343053	0.000304099051909277	0.00182648401826484
ccajas_trx_tend6	0.000795584736545071	0.000505820120339131	0.00182648401826484
ccajas_consultas_avg6	0.000793473600437855	0.00172954225122611	0.0023972602739726
Visa_cconsumos_lag1	0.000789934517989893	0.00232605201945464	0.00194063926940639
mtransferencias_emitidas	0.000785564743013052	0.00152470232059072	0.00205479452054795
Visa_msaldototal_delta1	0.000782577908794858	0.00231062045740351	0.00273972602739726
Visa_mlimitecompra_avg6	0.000778138691033344	0.00183808694138139	0.00228310502283105
Master_mfinanciacion_limite_lag1	0.000773892462445205	0.00476187230546113	0.00251141552511416
mcomisiones_avg6	0.000771379942974025	0.000751744550573467	0.00205479452054795
Visa_mconsumosdolares	0.000766935498232841	0.000816377347545935	0.0023972602739726
tmobile_app_avg6	0.000765057019680658	0.000841775434991794	0.00228310502283105
Master_mlimitecompra	0.000752468982039189	0.000632395917562209	0.0023972602739726
cplazo_fijo	0.000743201737936714	0.00296375170423284	0.00091324200913242
mtarjeta_visa_debitos_automaticos_lag1	0.000731430353360897	0.00216492646392594	0.0021689497716895
tcallcenter_avg6	0.000727457663137935	0.00291176413285583	0.00228310502283105
ctarjeta_debito_tend6	0.00072517614717048	0.0064835633981039	0.00194063926940639
tcallcenter	0.000722109280096717	0.000413601001954013	0.000684931506849315
Visa_mlimitecompra_lag1	0.00072210776585565	0.00400467603405661	0.00205479452054795
Master_mpagominimo_tend6	0.000719143696295305	0.00053334023250904	0.00159817351598174
mcomisiones_otras	0.000684499939327472	0.00299941518337585	0.00262557077625571
Visa_msaldopesos_tend6	0.000683999215979523	0.000262056552652798	0.00194063926940639
Visa_mconsumospesos_delta1	0.000683187360846242	0.000872124420281719	0.0021689497716895
Master_mlimitecompra_lag1	0.00068053911078283	0.000869284080756535	0.00205479452054795
mtransferencias_emitidas_lag1	0.000678604854602418	0.000352768393584455	0.00159817351598174
Visa_fultimo_cierre_tend6	0.000675125063532109	0.00240123353929711	0.00182648401826484
Visa_mconsumospesos_lag1	0.000675114207155993	0.000610604199483526	0.00228310502283105
cpagomiscuentas_tend6	0.000666241917365641	0.000818293346861009	0.00205479452054795
mpayroll_lag1	0.000665847150946646	0.000473170826219004	0.00114155251141553
ccuenta_debitos_automaticos_tend6	0.000660596860693301	0.00117264299470646	0.00125570776255708
Master_status_avg6	0.000655774339473018	0.00230164781041797	0.00114155251141553
cmobile_app_trx_lag1	0.000655240529181017	0.000650485096423925	0.00182648401826484
Master_mconsumospesos_avg6	0.000651735141740691	0.0018244748389115	0.00194063926940639
internet_tend6	0.000643365402447989	0.00240374024342032	0.00171232876712329
Visa_msaldopesos	0.00064220118112508	0.000633637248392593	0.00171232876712329
mtarjeta_master_consumo_avg6	0.000636989345345434	0.000334245710630603	0.00114155251141553
Master_mlimitecompra_avg6	0.000634680921454757	0.000466449663370701	0.0021689497716895
Visa_Finiciomora_delta1	0.000633949573348284	0.00269186067478677	0.000684931506849315
cprestamos_personales	0.000631960382839506	0.000846959359779585	0.000684931506849315
Visa_mconsumosdolares_lag1	0.000624675109415414	0.00074955890579494	0.00159817351598174
ctarjeta_master_trx_tend6	0.000608260967039857	0.00145093338788807	0.00171232876712329
catm_trx_avg6	0.000608036452506647	0.000402149762032127	0.00171232876712329
cforex_sell_avg6	0.000604403574401422	0.000778225288597554	0.00148401826484018
Master_mpagominimo_avg6	0.0005947321189215	0.00146277522535373	0.00136986301369863
Master_msaldopesos_avg6	0.000593589061466176	0.00040889459745884	0.00125570776255708
mtransferencias_emitidas_tend6	0.000593335719392953	0.000568411527307758	0.00194063926940639
ctarjeta_master_tend6	0.000593231648792638	0.00149400675395751	0.00045662100456621
cplazo_fijo_tend6	0.000589380378215306	0.00177127700696326	0.000799086757990868
mplazo_fijo_dolares	0.000580885253548413	0.00350868780132249	0.00102739726027397
ccomisiones_mantenimiento	0.000576297684546472	0.000725607434820366	0.00091324200913242
Master_status_tend6	0.00057579054620168	0.000338078449028826	0.000570776255707763
mautoservicio_tend6	0.00057529449725007	0.0033860357339709	0.00194063926940639
Master_mconsumospesos_tend6	0.000574635311200456	0.00077364538444326	0.00171232876712329
ctarjeta_master_trx_avg6	0.00056953229808982	0.000527712446876057	0.00182648401826484
mtarjeta_visa_debitos_automaticos_delta1	0.00056925275750089	0.000915387536862472	0.00159817351598174
ccajas_depositos_avg6	0.000568192717738804	0.00493157880077948	0.00159817351598174
mtransferencias_emitidas_delta1	0.000564580706127003	0.00108219155213731	0.00114155251141553
mautoservicio	0.000550267065403562	0.00303782098277407	0.00102739726027397
Visa_msaldototal_avg6	0.000550260787997749	0.000762463420100789	0.00159817351598174
matm_other_avg6	0.000548092138839957	0.000825526799101469	0.00205479452054795
tmobile_app	0.000543199814583217	0.000240429432970874	0.00136986301369863
Visa_fultimo_cierre_lag1	0.000541706382309518	0.000250633793801812	0.00159817351598174
cliente_vip_delta1	0.000537955122657376	0.000175092376790703	0.000799086757990868
Visa_cconsumos	0.000537752702580546	0.00153540972371287	0.00194063926940639
Visa_msaldopesos_delta1	0.000537419704177744	0.000900929139714417	0.00171232876712329
matm_avg6	0.000537073794410217	0.000117461484651122	0.00125570776255708
Master_delinquency_tend6	0.000536487329658423	0.0024318503206303	0.00102739726027397
mes	0.000536377311574872	0.000702350975952553	0.000799086757990868
mprestamos_prendarios	0.000534238121692253	0.00803189206160009	0.00194063926940639
tmobile_app_tend6	0.000529315389817864	0.00316738951174585	0.00171232876712329
mtarjeta_visa_consumo_lag1	0.000528396166337967	0.000928468855738322	0.00136986301369863
mcomisiones_lag1	0.000513836067531228	0.000301043069990138	0.00159817351598174
ccomisiones_otras_lag1	0.00051113116399131	0.00118589187105137	0.00136986301369863
mcomisiones_otras_delta1	0.000507756846062137	0.00333496103639883	0.00194063926940639
mplazo_fijo_dolares_delta1	0.000506879728396393	0.00542218633041777	0.00136986301369863
Visa_mpagosdolares_avg6	0.000502660997301643	0.000211754542835393	0.00114155251141553
Visa_mpagado_tend6	0.000497435592531326	0.00523610580852033	0.00205479452054795
Master_mpagospesos_avg6	0.000497173125805651	0.00155084720390861	0.00182648401826484
mextraccion_autoservicio_tend6	0.000495585284632948	0.000302404613132761	0.00136986301369863
Master_mfinanciacion_limite_delta1	0.000494185599193887	0.0050192061787211	0.00171232876712329
cliente_edad_tend6	0.000493620645985936	0.000241919695758602	0.00159817351598174
ccajas_consultas	0.000492612741388465	0.00295495142320886	0.00102739726027397
ctarjeta_debito_trx_lag1	0.000490289050811342	0.00242291392228046	0.00171232876712329
ccuenta_debitos_automaticos_avg6	0.000486841620263625	0.00164195001226807	0.00136986301369863
Visa_Finiciomora_lag1	0.00048426723587074	0.00195787980512188	0.000799086757990868
Master_msaldototal_avg6	0.000479602206077807	0.00138859054299275	0.00148401826484018
mforex_sell_avg6	0.000478228198379801	0.00219464738611992	0.00125570776255708
mprestamos_hipotecarios_avg6	0.000478198085177367	0.00606327230356074	0.00125570776255708
ccaja_seguridad_avg6	0.000473362528316588	0.000159211405633812	0.00045662100456621
Master_mpagominimo_lag1	0.000472377781916901	0.000481573481902505	0.00102739726027397
Visa_msaldodolares_tend6	0.000469813015580862	0.000442410159995164	0.00136986301369863
mtransferencias_recibidas_delta1	0.000466884628700722	0.00036185459496955	0.00159817351598174
mextraccion_autoservicio_avg6	0.000466729029519904	0.000146952708857716	0.00125570776255708
Visa_mfinanciacion_limite_avg6	0.000466681738151337	0.000387158731869843	0.00148401826484018
mpagomiscuentas_avg6	0.000463937116667401	0.000185914443964532	0.00159817351598174
cmobile_app_trx	0.000453890243322154	0.000511270361634037	0.00114155251141553
mforex_sell_tend6	0.000449761672078683	0.0049980025762623	0.00159817351598174
Visa_status_avg6	0.00044625327686885	0.00364042126156669	0.00102739726027397
tpaquete7_tend6	0.000445749008702535	0.00333558651030651	0.00091324200913242
mcuenta_debitos_automaticos_avg6	0.000445614816022945	0.00118291282501206	0.00125570776255708
Master_fultimo_cierre	0.000443287242567774	0.00065215919157837	0.00159817351598174
Master_mfinanciacion_limite_tend6	0.000434517012033594	0.00134034878726511	0.00114155251141553
cpayroll_trx_tend6	0.000428218470462547	0.0026080996946908	0.00136986301369863
mplazo_fijo_dolares_tend6	0.000426598450002749	0.0016854298808949	0.00091324200913242
cmobile_app_trx_delta1	0.000422539758728354	0.0003087155745833	0.00148401826484018
catm_trx_tend6	0.000421536215618589	0.00191707937646386	0.00159817351598174
ccallcenter_trx_delta1	0.000420524534665157	0.00125295813510759	0.000684931506849315
mprestamos_personales_lag1	0.000417869219376324	0.00113041259435885	0.00102739726027397
mpagomiscuentas_tend6	0.000415276194357809	0.00488649622461749	0.00159817351598174
Master_msaldopesos	0.000410082459195987	0.00366741354921486	0.00148401826484018
ctransferencias_recibidas	0.000408119528601064	0.000674512763510257	0.000799086757990868
ctarjeta_visa_descuentos_avg6	0.000397362183999081	0.00654960101465139	0.00171232876712329
Visa_mfinanciacion_limite_lag1	0.000396420072325302	0.00119270328560486	0.00136986301369863
Master_fultimo_cierre_delta1	0.000395416218526114	0.00174310146027862	0.00091324200913242
mcomisiones_delta1	0.000394878754674449	0.00286303080124213	0.00159817351598174
cforex_buy_tend6	0.00039410175963414	0.00340675589799249	0.000799086757990868
tcuentas_avg6	0.000393816803432676	0.00469571262718121	0.00125570776255708
Visa_mfinanciacion_limite_tend6	0.000393744052545387	0.000346022818389667	0.000799086757990868
Visa_mpagado_delta1	0.000392848277240068	0.00087894693135634	0.00102739726027397
Master_cconsumos_tend6	0.000392073598315432	0.000862614331789467	0.00136986301369863
Master_mconsumospesos	0.000391061259736056	0.000840366176808313	0.00114155251141553
ctarjeta_debito_trx_tend6	0.000389640533225706	0.000198560409328057	0.00114155251141553
mcuenta_debitos_automaticos_lag1	0.000387284869748033	0.000813799995571526	0.00125570776255708
ccallcenter_trx_lag1	0.000386566310949727	0.0013683430907713	0.00114155251141553
cextraccion_autoservicio_tend6	0.000380633417541132	0.00267497509858359	0.00125570776255708
Visa_msaldodolares_lag1	0.000379331274525824	0.000744506659724555	0.00114155251141553
mcomisiones_mantenimiento_lag1	0.000377267503021109	0.00241375633327609	0.00102739726027397
ccheques_emitidos_avg6	0.000369352442903901	0.00608057917768281	0.00159817351598174
mforex_buy_avg6	0.000367768289318752	0.00298011130533447	0.00102739726027397
mtarjeta_visa_consumo_avg6	0.000367574845207293	0.0003023509799473	0.00102739726027397
mautoservicio_delta1	0.000367427326910413	0.0023484799380781	0.00171232876712329
internet	0.000366363313282663	0.000970723668432417	0.00102739726027397
ccaja_seguridad_lag1	0.000366021551958665	0.000187784207774898	0.000342465753424658
mtarjeta_visa_debitos_automaticos	0.000364703742059345	0.000188308333456261	0.00114155251141553
ccomisiones_otras_delta1	0.000356914401677326	0.000266860236649877	0.00102739726027397
Visa_mconsumosdolares_delta1	0.000354245449342042	0.000207813428414136	0.00102739726027397
Master_msaldototal	0.000351081849856236	0.000348159268591186	0.00091324200913242
matm_tend6	0.000341895024012162	0.000981540927113756	0.00136986301369863
Visa_msaldototal	0.000341781421164462	0.000983116263230146	0.00102739726027397
ctransferencias_recibidas_lag1	0.000340788857227109	0.000425446908144082	0.00102739726027397
ctarjeta_visa_trx_delta1	0.000330923445737917	0.000554030805807612	0.000799086757990868
minversion1_pesos_avg6	0.000326222961103688	0.00428796541000719	0.00102739726027397
mtarjeta_visa_consumo_delta1	0.000320700609739399	0.0011653329764702	0.00136986301369863
Master_msaldopesos_tend6	0.000320454355823436	0.000916658088531831	0.00114155251141553
ctarjeta_visa_avg6	0.000320057790364735	0.00255798521608049	0.000684931506849315
mtarjeta_visa_descuentos_avg6	0.00031670836457622	0.00432867040858349	0.00136986301369863
cpagomiscuentas_avg6	0.000313733376501875	0.000562700517766302	0.00114155251141553
internet_delta1	0.000312483583174831	0.000107207929243175	0.000684931506849315
Master_mlimitecompra_tend6	0.000306523089449443	0.00429904010797874	0.00114155251141553
Visa_Finiciomora_avg6	0.000306462678110394	0.00246462278613497	0.00091324200913242
ccajas_otras_avg6	0.000304620854992205	0.00197089121591461	0.00125570776255708
cproductos_lag1	0.000303683553826322	8.47182399854294e-05	0.000570776255707763
Master_msaldototal_tend6	0.000303406827935615	0.00407510713320342	0.00136986301369863
mpagomiscuentas_lag1	0.000297342205170712	0.00107778364406053	0.00091324200913242
ccuenta_debitos_automaticos	0.000296131758439851	0.00107039262122003	0.00091324200913242
ctransferencias_emitidas_lag1	0.000284650749376715	0.00120637050079636	0.00091324200913242
Master_mpagospesos_lag1	0.000281338807527321	0.000277644945535902	0.00102739726027397
Master_msaldopesos_lag1	0.000278625416248267	0.000833643164539822	0.000799086757990868
catm_trx_other_avg6	0.000274830771037446	0.000890053069471091	0.000799086757990868
cliente_vip	0.000273395391822128	0.000891755645696435	0.000570776255707763
Visa_msaldodolares_avg6	0.000265108965377616	0.0031368959017972	0.00136986301369863
Visa_delinquency_delta1	0.000264710678551566	5.01562755065675e-06	0.000114155251141553
mttarjeta_master_debitos_automaticos_lag1	0.000260008080489526	0.000320266313311316	0.000570776255707763
ctarjeta_visa_tend6	0.000259820347145552	0.00104869226449864	0.000684931506849315
Master_mpagado_avg6	0.000259347998618743	0.00016276525146764	0.000799086757990868
active_quarter_avg6	0.00025781322098024	0.00115892362586564	0.000799086757990868
Visa_mlimitecompra_tend6	0.000255209647316085	0.00342546537238536	0.00102739726027397
mextraccion_autoservicio_delta1	0.000251944642501369	0.000345840835443139	0.00091324200913242
mplazo_fijo_dolares_avg6	0.000244836516788775	0.00435009298239259	0.00114155251141553
Master_Finiciomora_avg6	0.000244064786454708	0.00244474225887887	0.000799086757990868
mdescubierto_preacordado_delta1	0.000238484934615367	0.000685441357286931	0.00045662100456621
ctransferencias_emitidas	0.00023821224694742	7.203972482659e-05	0.000684931506849315
catm_trx_other_tend6	0.000238197336814073	0.000517086788126226	0.000684931506849315
cextraccion_autoservicio_lag1	0.000237437754436437	0.00423737008214792	0.00125570776255708
internet_lag1	0.000236569205880867	0.000756595949611403	0.000570776255707763
ccajas_depositos_tend6	0.000236171526378665	0.00040323944040707	0.000684931506849315
mextraccion_autoservicio_lag1	0.000236168027423975	0.00010312736853972	0.000684931506849315
tpaquete7_avg6	0.000236160093007907	0.000551565528696614	0.000342465753424658
mcaja_ahorro_adicional_avg6	0.000232976677454821	0.00112141109641838	0.000799086757990868
ccajas_extracciones_tend6	0.000229538335312456	0.00124981005206308	0.000799086757990868
Master_status_lag1	0.000229303360902012	0.00196418558819589	0.00045662100456621
ccheques_depositados_avg6	0.00022846715585509	0.00124723233020463	0.00045662100456621
Visa_mpagosdolares_tend6	0.000227337344865226	9.25716178730064e-05	0.000684931506849315
mprestamos_personales_avg6	0.000221569431238808	0.000463485042808864	0.000684931506849315
Visa_Finiciomora_tend6	0.000220667757272876	0.00133792382751422	0.000799086757990868
ccajas_otras_tend6	0.000219564561270494	0.00307597822009898	0.00091324200913242
Master_mpagosdolares_avg6	0.000217905917677024	0.00253888218507155	0.000799086757990868
Master_cconsumos_lag1	0.000215731877318011	0.000178854837221771	0.000684931506849315
ctarjeta_debito	0.000214999116314401	0.000132127386744303	0.000799086757990868
cseguro_vida_avg6	0.000213794403282864	0.00165489891265844	0.000684931506849315
Visa_mpagado	0.000212906847931987	0.00180127238311318	0.000799086757990868
cpagomiscuentas	0.000208801921633063	0.000501785055372308	0.000684931506849315
Master_mpagospesos	0.000203746969217183	0.000297682673508005	0.000684931506849315
Master_msaldototal_lag1	0.000202974704793204	7.10636008512078e-05	0.00045662100456621
cplazo_fijo_avg6	0.000191070561147562	0.00125567049475575	0.000570776255707763
active_quarter_tend6	0.00019079639918433	0.00272991360481305	0.000799086757990868
ccajas_consultas_delta1	0.000188212693369025	0.00201290264491192	0.00045662100456621
Visa_mlimitecompra_delta1	0.000187935457799717	8.41408510026436e-05	0.00045662100456621
mforex_sell_delta1	0.000186356800458404	0.00145675462287275	0.000684931506849315
ccuenta_debitos_automaticos_delta1	0.00018580638973465	0.0022252571396564	0.000684931506849315
Master_mconsumospesos_delta1	0.000185724371425722	0.00110077785514564	0.000799086757990868
cseguro_vida_tend6	0.000183660585866009	0.00368210830226298	0.00102739726027397
tpaquete9_avg6	0.000181702442107407	0.000287397677956858	0.000228310502283105
ctarjeta_debito_trx_delta1	0.000181441069452342	0.0013833725888735	0.000684931506849315
cseguro_accidentes_personales_avg6	0.000175604509737698	0.000130454031357934	0.000570776255707763
ctarjeta_master_debitos_automaticos_avg6	0.000175160398440999	0.00109392390392782	0.000684931506849315
mcaja_ahorro_adicional	0.000173302057001832	0.00193589907629995	0.000570776255707763
Master_msaldopesos_delta1	0.000171859280419306	0.000597562458199706	0.00045662100456621
cforex_avg6	0.000170836157958012	0.000820342874313677	0.000684931506849315
mcheques_depositados_avg6	0.00017071838003626	0.000693913551169512	0.000684931506849315
mtarjeta_master_consumo_delta1	0.000169381107663813	0.00251005268340833	0.000684931506849315
Master_mconsumosdolares_tend6	0.000167193719495408	0.000206576906076242	0.00045662100456621
ctransferencias_recibidas_delta1	0.000166491839540948	5.67735009402879e-05	0.000570776255707763
Master_mpagospesos_delta1	0.000166032500024112	0.000331587723935985	0.000570776255707763
Master_cconsumos	0.000164662713263835	0.000134351499462747	0.000342465753424658
mcuenta_debitos_automaticos_delta1	0.000164450198739712	0.000238702074515006	0.000570776255707763
cseguro_accidentes_personales	0.000161386780318541	4.44360188641703e-05	0.000342465753424658
matm_lag1	0.000161185400311541	0.000640914716833535	0.000570776255707763
mttarjeta_master_debitos_automaticos_tend6	0.000160501666098844	0.00148537292075047	0.000684931506849315
Visa_fultimo_cierre_delta1	0.00015966503496357	0.000635855812850472	0.000570776255707763
mcaja_ahorro_adicional_lag1	0.000155981567003741	0.00140673002608359	0.00045662100456621
Master_mpagominimo_delta1	0.000155380385929622	0.00258041609377624	0.000799086757990868
mplazo_fijo_dolares_lag1	0.000152623512926115	0.00220891529298858	0.000570776255707763
tpaquete9	0.000152500826111482	0.000672186562797419	0.000342465753424658
mttarjeta_master_debitos_automaticos_avg6	0.000151864540091536	0.000676293755151585	0.00045662100456621
mcajeros_propios_descuentos_avg6	0.000151776703013561	0.00379295367113249	0.000799086757990868
ctarjeta_visa_debitos_automaticos	0.00015098135214626	0.000669012217986229	0.00045662100456621
tmobile_app_delta1	0.000149074738447635	0.000168765880210583	0.00045662100456621
Visa_msaldodolares	0.000147605286958953	0.000569371006501446	0.000570776255707763
Master_mconsumosdolares_avg6	0.000146423455463667	0.00022960662602897	0.00045662100456621
Visa_mconsumototal_lag1	0.000145632813020594	0.00014525494112486	0.000570776255707763
cpagomiscuentas_delta1	0.000144761196037106	0.00054516690472915	0.00045662100456621
cliente_vip_lag1	0.000144222533072216	9.36276368005229e-05	0.000228310502283105
Master_Finiciomora_lag1	0.000142236505677657	0.00160274082474006	0.00045662100456621
catm_trx_other	0.000140819719744819	0.00169837730174911	0.000570776255707763
Visa_mpagosdolares	0.000140551130218305	0.000631459001294819	0.00045662100456621
Visa_mconsumototal	0.000139740085096733	8.65044100032849e-05	0.00045662100456621
ctarjeta_visa_debitos_automaticos_lag1	0.000136995278678616	6.01653375656215e-05	0.000342465753424658
Master_msaldodolares_tend6	0.000133276474235367	7.7125630344402e-05	0.000342465753424658
mttarjeta_master_debitos_automaticos_delta1	0.000132837850305664	0.000436015604752114	0.00045662100456621
ccajas_trx_delta1	0.000131780526856817	0.000884046892467583	0.00045662100456621
Master_mlimitecompra_delta1	0.000131025875564162	0.000626510322754978	0.000342465753424658
mautoservicio_lag1	0.00013086104151012	5.01743998244128e-05	0.000342465753424658
Visa_delinquency	0.000129866545380452	3.90349721462728e-05	0.000114155251141553
ctarjeta_master_descuentos_avg6	0.000129795731863634	0.00253127330053286	0.000684931506849315
mpagomiscuentas_delta1	0.000129684082660614	0.000584740428034254	0.000570776255707763
ctarjeta_master_debitos_automaticos_tend6	0.000129253308077256	0.000657667134783151	0.00045662100456621
cextraccion_autoservicio	0.000127126941530693	0.00125632592927048	0.000570776255707763
matm_other	0.000126700019496177	0.000694427689981858	0.000342465753424658
ctransferencias_emitidas_delta1	0.000125012292413789	0.000460823727157907	0.000342465753424658
ccuenta_debitos_automaticos_lag1	0.000124658312118636	0.00104197738967898	0.000342465753424658
mforex_buy_tend6	0.000124468207178735	0.00319416800642025	0.000684931506849315
matm_other_tend6	0.000124443033938123	0.000673043953996713	0.00045662100456621
cforex_tend6	0.000121444790760484	0.000675077576435762	0.000570776255707763
ctarjeta_master_trx	0.000119838615213154	0.00104634461051162	0.00045662100456621
minversion1_pesos	0.000119666951909704	0.00221083092241962	0.00045662100456621
ccheques_depositados_rechazados_avg6	0.000117870298595166	0.00303367828155229	0.000684931506849315
mextraccion_autoservicio	0.000116305042324288	5.73638358643918e-05	0.00045662100456621
minversion1_pesos_delta1	0.000114460309081839	5.25105874062674e-05	0.000342465753424658
tmobile_app_lag1	0.000114438241255981	2.88923819496239e-05	0.000228310502283105
cforex_sell_tend6	0.000113964689917264	0.0025452227372451	0.000684931506849315
Master_mpagado_tend6	0.000111512209697561	0.000105048916115359	0.00045662100456621
Visa_mconsumototal_avg6	0.000111293558317601	9.53816269071022e-05	0.000342465753424658
catm_trx_other_delta1	0.000111249135648038	0.000225432854548025	0.00045662100456621
minversion2_avg6	0.000110658989966322	0.00220043348212102	0.00045662100456621
minversion2	0.00011050680910889	0.00279574297664735	0.000570776255707763
mtarjeta_master_consumo_tend6	0.000110358492636089	0.000565637397025315	0.000342465753424658
mprestamos_prendarios_delta1	0.000109226077033231	0.00252438495009954	0.000570776255707763
mcomisiones_mantenimiento_delta1	0.000106393904749431	0.00171331099988556	0.00045662100456621
Visa_mfinanciacion_limite_delta1	0.000104632468820701	0.00147053687199996	0.00045662100456621
cprestamos_personales_lag1	0.000104042394153709	0.00149742929095797	0.00045662100456621
ccajas_otras_delta1	0.00010236898097687	0.00166029737018808	0.00045662100456621
Visa_delinquency_lag1	0.000100467727410525	0.000400564069162682	0.000114155251141553
ctarjeta_master_trx_lag1	9.94159135207753e-05	0.000156276745679025	0.000342465753424658
mcaja_ahorro_adicional_tend6	9.92357121760935e-05	0.00138284217516349	0.00045662100456621
thomebanking_lag1	9.90035842725522e-05	3.80780821408488e-05	0.00045662100456621
matm_other_lag1	9.85872249386737e-05	3.13099440197635e-05	0.000228310502283105
ccajas_trx_lag1	9.7259027656319e-05	0.000395403077185226	0.000228310502283105
ctarjeta_debito_lag1	9.70141718427581e-05	0.000524301746164803	0.000342465753424658
cseguro_vida_lag1	9.62167918776314e-05	0.00149173048758975	0.000342465753424658
Master_mpagosdolares_tend6	9.56976387290183e-05	0.00144887868205888	0.00045662100456621
Master_msaldototal_delta1	9.46648575253604e-05	0.000595060932453017	0.00045662100456621
matm_other_delta1	9.41623773026994e-05	2.07667694103298e-05	0.000228310502283105
Visa_msaldodolares_delta1	9.28691814030302e-05	0.000531928385137295	0.000342465753424658
mtarjeta_visa_descuentos_delta1	9.25465141632725e-05	0.000208354568761231	0.000342465753424658
Master_Finiciomora	9.09715850950328e-05	0.000258114328579428	0.000114155251141553
mcheques_emitidos_avg6	9.03756887000478e-05	2.73314713107027e-05	0.000228310502283105
Visa_mpagosdolares_lag1	8.97163051407294e-05	1.73179706431968e-05	0.000228310502283105
Visa_mpagosdolares_delta1	8.97152280840638e-05	7.83192461339277e-06	0.000114155251141553
mcheques_emitidos_tend6	8.93932754299785e-05	0.00168060141466729	0.000570776255707763
Master_mconsumospesos_lag1	8.901811795198e-05	2.4078711083529e-05	0.000342465753424658
cprestamos_hipotecarios	8.78768166316312e-05	0.00112384456350213	0.000228310502283105
Master_Finiciomora_tend6	8.74834335203035e-05	0.000671284045745531	0.000228310502283105
Master_cadelantosefectivo	8.643720612227e-05	7.3384993071556e-06	0.000114155251141553
ccheques_emitidos_rechazados_delta1	8.54065753332597e-05	3.22672039092251e-05	0.000114155251141553
mpagodeservicios_avg6	8.0371104623661e-05	0.000375691586934337	0.000228310502283105
mcheques_depositados	7.96905616351783e-05	0.00263120117214683	0.000570776255707763
Master_msaldodolares	7.95971143939121e-05	0.00161094670211553	0.00045662100456621
ccheques_depositados_lag1	7.91850388753843e-05	0.000579105614604556	0.000228310502283105
Visa_mpagado_lag1	7.78928357023945e-05	9.39438876527214e-05	0.000228310502283105
cliente_vip_avg6	7.76154921315257e-05	0.00211979469318694	0.00045662100456621
Visa_madelantopesos_avg6	7.7364394419514e-05	0.000688771793162014	0.000228310502283105
Master_delinquency	7.71810166453527e-05	5.83754687073893e-05	0.000114155251141553
Master_msaldodolares_lag1	7.70872920028161e-05	0.000539456265071732	0.000228310502283105
mdescubierto_preacordado_lag1	7.09786970680125e-05	0.000343272730569672	0.000114155251141553
Master_msaldodolares_avg6	7.06035854536907e-05	7.26892411967193e-05	0.000228310502283105
mdescubierto_preacordado	7.00654832092353e-05	1.53302138248171e-05	0.000114155251141553
mtarjeta_master_descuentos_avg6	6.92628799631225e-05	0.00224768912700427	0.00045662100456621
cprestamos_prendarios_tend6	6.8552334732714e-05	0.00216593587746472	0.00045662100456621
cpagodeservicios_avg6	6.85054613153949e-05	0.000735653855167223	0.000228310502283105
ctarjeta_visa_debitos_automaticos_delta1	6.84856674402174e-05	7.57677860421556e-05	0.000342465753424658
matm_delta1	6.83041641589068e-05	3.26230323534531e-05	0.000228310502283105
Master_mpagado_lag1	6.59966738159714e-05	0.000161521331448993	0.000228310502283105
mtarjeta_master_consumo_lag1	6.56985776711348e-05	2.37739266364979e-05	0.000228310502283105
cseguro_vivienda_avg6	6.38423592763569e-05	0.000121382625334345	0.000228310502283105
cpayroll_trx_delta1	6.35179107505754e-05	0.00066669415472222	0.000342465753424658
mprestamos_prendarios_avg6	6.32342453896898e-05	0.000462392405361619	0.000114155251141553
ctarjeta_master_debitos_automaticos	6.18519378456755e-05	8.97072358853746e-05	0.000228310502283105
mtarjeta_visa_descuentos_lag1	6.02116604355124e-05	8.02019558856123e-05	0.000228310502283105
cextraccion_autoservicio_delta1	5.94725717239918e-05	4.76965466561348e-06	0.000114155251141553
cforex_sell	5.8271902833108e-05	0.000606464087450008	0.000228310502283105
ccheques_depositados_tend6	5.79058833228226e-05	0.000262036948798802	0.000228310502283105
ccajas_consultas_lag1	5.7735307432353e-05	0.00107191617357114	0.000342465753424658
catm_trx_lag1	5.77221312418806e-05	1.69466070693871e-05	0.000228310502283105
ccheques_depositados_delta1	5.74038092156214e-05	0.00274608197586721	0.000570776255707763
ccheques_emitidos_tend6	5.70825445166866e-05	0.00155382698971599	0.000342465753424658
ccajas_extracciones_lag1	5.66586014019455e-05	4.40387634077244e-05	0.000114155251141553
mprestamos_hipotecarios	5.47225742918245e-05	0.000561922281751067	0.000114155251141553
cseguro_auto_avg6	5.35181763881307e-05	0.000660789325945031	0.000228310502283105
ccaja_ahorro_lag1	5.23024072515634e-05	0.000333043957392248	0.000228310502283105
Visa_mconsumototal_delta1	5.22080612301813e-05	1.04214827610438e-05	0.000114155251141553
cprestamos_hipotecarios_avg6	5.16834229337828e-05	0.00219074067091417	0.00045662100456621
mprestamos_prendarios_lag1	4.84876456403541e-05	0.000434234243226748	0.000228310502283105
minversion2_tend6	4.81084521588065e-05	0.000613510008483376	0.000228310502283105
Master_madelantopesos_avg6	4.57196706681393e-05	4.80553341726641e-06	0.000114155251141553
ctarjeta_visa_descuentos_tend6	4.56294538571332e-05	0.000201238739644746	0.000228310502283105
Master_msaldodolares_delta1	4.48281518079124e-05	2.60945790887708e-05	0.000114155251141553
Visa_mconsumototal_tend6	4.39447552568808e-05	1.33361689777971e-05	0.000228310502283105
ctarjeta_master_trx_delta1	4.25779141282268e-05	3.81121114723134e-05	0.000114155251141553
matm	4.21487928564396e-05	7.13802215874439e-06	0.000114155251141553
active_quarter_delta1	4.12873901575935e-05	0.000130823175627517	0.000114155251141553
mttarjeta_master_debitos_automaticos	4.11477959204681e-05	9.23467283781097e-05	0.000114155251141553
minversion1_pesos_tend6	4.06459999542739e-05	0.00047901610366613	0.000228310502283105
mprestamos_hipotecarios_tend6	4.02802326942104e-05	0.00105260230866074	0.000342465753424658
tpaquete7_delta1	3.87546884494571e-05	0.000451601408446954	0.000114155251141553
Master_mpagado_delta1	3.86497582750726e-05	0.000190570914114622	0.000114155251141553
ctarjeta_debito_delta1	3.81945213380911e-05	0.00100309702906045	0.000228310502283105
mcheques_depositados_rechazados_tend6	3.78747923325888e-05	0.000297423384797606	0.000114155251141553
Master_mconsumosdolares_lag1	3.72625507150191e-05	0.000114201326743195	0.000114155251141553
ccajas_depositos_lag1	3.61320525097421e-05	0.000426860235051977	0.000114155251141553
cseguro_vivienda_lag1	3.58992662405192e-05	6.74187635441155e-05	0.000114155251141553
tcuentas_tend6	3.58679051022372e-05	0.00165866433216181	0.000342465753424658
catm_trx_delta1	3.49543872116678e-05	0.000526186305336676	0.000228310502283105
mcheques_emitidos_rechazados_delta1	3.41046975040602e-05	3.24318023059834e-05	0.000114155251141553
Master_mconsumototal_tend6	3.30919002879171e-05	6.20628426788124e-06	0.000114155251141553
mcaja_ahorro_adicional_delta1	3.29021415448014e-05	0.000934806448839572	0.000228310502283105
ccheques_emitidos	3.0680195835743e-05	0.000551463810586258	0.000114155251141553
cforex_buy_delta1	3.06506211616419e-05	0.000555546220709901	0.000114155251141553
Master_mconsumosdolares_delta1	3.04369970324369e-05	2.84448222640564e-05	0.000114155251141553
Master_cconsumos_delta1	3.00908594259989e-05	2.38700964862893e-05	0.000114155251141553
cforex_sell_lag1	2.99218103521212e-05	0.00105852378221962	0.000228310502283105
cseguro_auto	2.93415771424644e-05	9.0630096559334e-05	0.000114155251141553
ctarjeta_visa_descuentos_lag1	2.92382152099281e-05	4.12313435618922e-05	0.000114155251141553
Visa_status_lag1	2.8497129209261e-05	6.09199010024459e-06	0.000114155251141553
ctarjeta_debito_trx	2.7927990570944e-05	6.86197770143944e-05	0.000114155251141553
ctarjeta_master_debitos_automaticos_lag1	2.66369576614467e-05	0.000103155109842545	0.000114155251141553
cforex_buy_avg6	2.60274560286912e-05	0.000556908133736561	0.000114155251141553
cprestamos_prendarios_avg6	2.54810302666524e-05	0.000470619366127232	0.000114155251141553
Master_mconsumototal	2.46404748280744e-05	6.00728665562067e-05	0.000114155251141553
ccomisiones_mantenimiento_lag1	2.43998991311805e-05	6.70969644313521e-06	0.000114155251141553
ccajeros_propios_descuentos_avg6	2.40836039835366e-05	0.000468937133523958	0.000114155251141553
mtarjeta_master_descuentos_delta1	2.35723408667885e-05	5.28838004002654e-05	0.000114155251141553
Master_Fvencimiento_delta1	2.32166207108681e-05	6.79735896006041e-06	0.000114155251141553
ctarjeta_master_avg6	2.2812131192413e-05	8.31388351446252e-06	0.000114155251141553
catm_trx	2.21424401416257e-05	0.000517640134646563	0.000114155251141553
Master_mconsumototal_lag1	2.209806777416e-05	2.3202085914277e-05	0.000114155251141553
Master_mpagosdolares_lag1	2.02317697268233e-05	0.000525018581429786	0.000114155251141553
Master_delinquency_delta1	1.96447324188077e-05	0.000515315413469876	0.000114155251141553
cforex_buy	1.85087113391725e-05	0.000552951484185723	0.000114155251141553
cinversion2	1.68489699764094e-05	0.000492680729669368	0.000114155251141553
Visa_madelantopesos_tend6	1.67146678157853e-05	0.000486452622243265	0.000114155251141553
mcheques_depositados_delta1	1.63787962755598e-05	0.00109841355637692	0.000228310502283105
ccajas_extracciones_delta1	1.5588100571443e-05	0.000484112735821034	0.000114155251141553
cforex	1.48173733203699e-05	4.85028938582315e-06	0.000114155251141553
cinversion2_avg6	1.43209626375038e-05	0.00047214920650699	0.000114155251141553
Visa_Fvencimiento_delta1	1.39641210407146e-05	1.20319578610113e-05	0.000114155251141553
cinversion1_tend6	1.32152885171063e-05	0.000474814590882361	0.000114155251141553
minversion2_lag1	1.23118406625184e-05	0.000466266200888022	0.000114155251141553
mcheques_emitidos_delta1	1.0944011985342e-05	0.000530336034355173	0.000114155251141553
cseguro_accidentes_personales_tend6	8.91855070566561e-06	0.000557844680119914	0.000114155251141553
tpaquete1	8.70910460946021e-06	0.000561922281751067	0.000114155251141553
