Feature	Gain	Cover	Frequency	pos
ctrx_quarter_normalizado_rank	0.169529203740651	0.0202306675080592	0.00572818581293158	1
ctrx_quarter_normalizado	0.131888962882592	0.0116305716826143	0.00290332705586943	2
mdescubierto_preacordado_tend6	0.0361132942122511	0.00761239400390719	0.00298179535467671	3
mcaja_ahorro_rank	0.034813844709925	0.0129751713684169	0.00674827369742624	4
mcuentas_saldo_rank	0.0276493229402583	0.00627337484337062	0.00659133709981168	5
mtarjeta_visa_consumo_rank	0.0241890868453293	0.0156810048996603	0.00666980539861896	6
ctrx_quarter_rank	0.0227757486930472	0.00467439834546377	0.00392341494036409	7
foto_mes	0.0176422519906939	0.0237614776085132	0.0204802259887006	8
mv_status01_tend6	0.0170595823724002	0.0121616729831631	0.00298179535467671	9
mtarjeta_visa_consumo	0.0150225071657172	0.00678767318745844	0.00462962962962963	10
mv_status07_delta2	0.0105867091305355	0.00230638352244289	0.000863151286880101	11
cpayroll_trx	0.0104074485044389	0.0129880766527856	0.00274639045825487	12
mprestamos_personales	0.0101517013765269	0.0113331363355059	0.00784682988072819	13
tmobile_app_rank	0.00956072371709568	0.0172203398534772	0.0149089767733836	14
cpayroll_trx_min3	0.00954108798779614	0.00328044860671266	0.00188323917137476	15
mprestamos_personales_delta2	0.00920113730622819	0.0140695118615829	0.00674827369742624	16
internet_rank	0.00914234691436301	0.0123066847991965	0.0158505963590709	17
cproductos_tend6	0.00871843818747916	0.00948865764633495	0.00714061519146265	18
mpayroll_sobre_edad_rank	0.00864038646365351	0.00824830790136394	0.0073760200878845	19
mprestamos_personales_min3	0.00848285710883021	0.00128259498619216	0.00243251726302574	20
mcuentas_saldo	0.00813008664520783	0.00570182368598962	0.00572818581293158	21
ccomisiones_mantenimiento_tend6	0.00767830705317605	0.0167831049316242	0.00800376647834275	22
mpayroll_sobre_edad	0.00671249565233146	0.00854606038189719	0.00376647834274953	23
mpasivos_margen	0.00640217059040467	0.0118645240791481	0.00753295668549906	24
ccaja_ahorro	0.00623072420847623	0.0131468581975231	0.00651286880100439	25
mcaja_ahorro	0.00601832059322613	0.00312660820533632	0.00368801004394225	26
cproductos_delta2	0.00599855907489928	0.00855376877014277	0.00376647834274953	27
tcallcenter_tend6	0.00582349504948276	0.0184701166452542	0.00933772755806654	28
mcuentas_saldo_delta2	0.00529590075557492	0.00674415429748271	0.0102008788449466	29
mcaja_ahorro_dolares_delta1	0.00509303906282377	0.0141981708460163	0.0104362837413685	30
mprestamos_personales_tend6	0.00497333893958463	0.00862385014197603	0.00564971751412429	31
ctrx_quarter	0.0049004136031355	0.00608660371636384	0.00439422473320778	32
cproductos_rank	0.00469537522696051	0.0103597157481963	0.00988700564971752	33
Visa_cconsumos_avg6	0.00468913737700394	0.00768023498154565	0.0123195229127433	34
mdescubierto_preacordado	0.00461477102355632	0.00144414377581409	0.00149089767733836	35
ctarjeta_visa_trx_tend6	0.00449793522318142	0.00617684352089508	0.00816070307595731	36
mtarjeta_visa_consumo_delta2	0.00449611245091004	0.00632743586219448	0.00588512241054614	37
Visa_cconsumos_tend6	0.004488765352265	0.00558356360885766	0.010593220338983	38
mv_mpagominimo_lag2	0.00442089733082177	0.00944737915055403	0.00768989328311362	39
ctrx_quarter_delta1	0.00433779078858982	0.00781917522700999	0.00965160075329567	40
mv_status01	0.00432992372383456	0.00153627615078385	0.00149089767733836	41
mtransferencias_emitidas_avg6	0.0043213942310411	0.0072668617923839	0.00965160075329567	42
mcuenta_corriente	0.00427079644154008	0.00569150150451677	0.0060420590081607	43
mcuentas_saldo_tend6	0.00422366017461443	0.00347131689296609	0.00918079096045198	44
mdescubierto_preacordado_rank	0.00416525632377125	0.00291548430033538	0.00886691776522285	45
Visa_fultimo_cierre_avg6	0.00411245071697335	0.00716323588829149	0.0117702448210923	46
Master_fechaalta	0.00406387067664619	0.00362153072017778	0.00808223477715003	47
Visa_fechaalta_tend6	0.00403156775235493	0.00633981941092876	0.00721908349026993	48
mpayroll_rank	0.0040195683355849	0.00786272480731715	0.00698367859384809	49
Visa_Finiciomora	0.00397438307845791	0.0124981208565815	0.00439422473320778	50
numero_de_cliente	0.00386537096941026	0.00685192339631893	0.010593220338983	51
mactivos_margen_avg6	0.00380964376389238	0.0134648509516381	0.00847457627118644	52
mcuenta_corriente_delta2	0.00372115975620363	0.00694875139199835	0.00745448838669178	53
ccaja_ahorro_rank	0.00370520631530681	0.00675426676169075	0.010593220338983	54
mrentabilidad_avg6	0.00366245197397229	0.00533717139798194	0.00674827369742624	55
mv_fechaalta_delta2	0.00358195958027372	0.00920930401949736	0.00455116133082235	56
mcuentas_saldo_min3	0.00358084047803347	0.0213827978953185	0.00839610797237916	57
mactivos_margen	0.0035328270853208	0.00518591409950143	0.00478656622724419	58
Master_Fvencimiento_tend6	0.00350741646233954	0.00286234399145458	0.00784682988072819	59
mactivos_margen_min3	0.00347777959425746	0.00378654240219669	0.00659133709981168	60
chomebanking_trx_delta1	0.00345780023567297	0.0110575627344901	0.0091023226616447	61
cliente_edad_lag2	0.00340563099411501	0.00615712498294769	0.00855304456999372	62
mcuenta_corriente_rank	0.0033161352327332	0.00261008481221942	0.00486503452605148	63
mv_msaldototal	0.00330506067621088	0.00352127563748806	0.00337413684871312	64
Master_fechaalta_min3	0.0032992613021104	0.00640292384741565	0.00949466415568111	65
mrentabilidad_annual_tend6	0.00329135433397153	0.00789436142397204	0.008631512868801	66
mrentabilidad_delta2	0.00322862449118436	0.00257906711724847	0.00847457627118644	67
mcomisiones_mantenimiento_tend6	0.00322758276193576	0.00932043882468102	0.00753295668549906	68
mprestamos_personales_rank	0.0031655550807493	0.00368525407834863	0.0077683615819209	69
mcomisiones_mantenimiento_rank	0.00315195384829771	0.00611454726313599	0.00800376647834275	70
mcuenta_corriente_min3	0.00311384774218257	0.00396969207009406	0.00682674199623352	71
mrentabilidad_annual_delta1	0.00306703813322717	0.00331862737901859	0.00839610797237916	72
mcuentas_saldo_delta1	0.00305613492785672	0.00809775136545121	0.00800376647834275	73
mactivos_margen_tend6	0.00303509621069297	0.0078747400720742	0.0082391713747646	74
mv_mpagominimo_rank	0.00299653057973679	0.00367925923360821	0.00525737602008789	75
mdescubierto_preacordado_delta1	0.00299565140366235	0.00835789795986533	0.00235404896421846	76
ctrx_quarter_normalizado_tend6	0.00298933403095537	0.00496704600086823	0.00714061519146265	77
ctarjeta_visa_trx	0.00298710119596363	0.00497146540859496	0.00321720025109856	78
canarito11	0.00297961837064695	0.00456938114634628	0.00894538606403013	79
canarito17	0.00297279968990342	0.00619667459005774	0.00965160075329567	80
mrentabilidad_annual_min3	0.00292823186377887	0.00344609967063648	0.00682674199623352	81
ctarjeta_visa_trx_tend3	0.00292687067874267	0.00477011125910103	0.00627746390458255	82
thomebanking_avg6	0.00292556926223529	0.010530538132967	0.00745448838669178	83
mcomisiones_mantenimiento_avg6	0.00285406279012598	0.00917725308336809	0.00729755178907721	84
mcuenta_corriente_tend6	0.00285396914375501	0.00465544195074703	0.00761142498430634	85
mv_mpagominimo_tend3	0.00271351971323439	0.00850987136607934	0.0060420590081607	86
cpayroll_trx_rank	0.00269907312856113	0.00694796878854674	0.0069052102950408	87
mcaja_ahorro_delta2	0.00267227137181921	0.00413105160267213	0.00745448838669178	88
ctrx_quarter_tend6	0.00264948020665377	0.00241064880844021	0.0060420590081607	89
mcuenta_corriente_avg6	0.00262987115988509	0.0078925967299145	0.00729755178907721	90
mtransferencias_recibidas_tend6	0.00262680010712221	0.00696098660413068	0.00761142498430634	91
mv_mpagominimo	0.00259751297206935	0.0109079934042386	0.00447269303201507	92
mrentabilidad_tend6	0.00259264271781468	0.00224821511426189	0.00714061519146265	93
Master_mfinanciacion_limite_min3	0.00258525851570774	0.00833303367634723	0.0073760200878845	94
canarito4	0.00255930937783019	0.0045626497336514	0.00831763967357188	95
canarito12	0.00255108354484197	0.0136391771492477	0.00839610797237916	96
mv_Finiciomora_lag1	0.00254435998159807	0.00752895722284418	0.00306026365348399	97
Visa_status_tend6	0.00253436586568802	0.00132551541470489	0.000470809792843691	98
Master_fechaalta_rank	0.002494010940454	0.0015918461109033	0.00470809792843691	99
mpayroll	0.00247430861084281	0.00988032254106123	0.00188323917137476	100
ccomisiones_otras_tend6	0.00247351323380451	0.0128753050299254	0.00753295668549906	101
canarito14	0.00246769049899218	0.00291381679232738	0.00800376647834275	102
cliente_edad_avg6	0.0024532548434045	0.00403096020175006	0.00541431261770245	103
canarito13	0.00243157176173865	0.0069004755006501	0.00816070307595731	104
mrentabilidad_annual	0.00242950811603331	0.00474030071716655	0.00580665411173886	105
mrentabilidad_annual_rank	0.0024152929242597	0.00472234175822147	0.00651286880100439	106
Visa_mfinanciacion_limite_min3	0.00241035395527312	0.00520137179643451	0.00659133709981168	107
mcaja_ahorro_lag1	0.00240329302322134	0.00323789646217716	0.00659133709981168	108
Visa_mfinanciacion_limite	0.00239610111948944	0.00740166907321491	0.00580665411173886	109
mtransferencias_recibidas_avg6	0.00234965514533657	0.0104346666526173	0.0073760200878845	110
cliente_edad_rank	0.00234434582526918	0.00563998778320207	0.00580665411173886	111
canarito20	0.00234419319566939	0.00358328545215375	0.0077683615819209	112
Master_mfinanciacion_limite	0.00230087700457619	0.0119595618054938	0.00635593220338983	113
mcaja_ahorro_avg6	0.00225811326091016	0.00424217106269007	0.00635593220338983	114
canarito10	0.00224473249096381	0.00185263208722233	0.0073760200878845	115
canarito16	0.00223339987831627	0.00205846191005063	0.00729755178907721	116
canarito18	0.00222862632165028	0.00243054637332098	0.00800376647834275	117
canarito6	0.00221712248349887	0.00960949059625227	0.00792529817953547	118
ctarjeta_visa_trx_rank	0.00220994628969353	0.00271204832335906	0.00470809792843691	119
canarito7	0.00220319325675818	0.00314867966869378	0.00753295668549906	120
mv_status04_rank	0.00217584482748898	0.00133928002835377	0.00588512241054614	121
canarito23	0.00211787575275725	0.00309573373191208	0.0077683615819209	122
canarito15	0.0021159775622368	0.00197169522802686	0.0073760200878845	123
Visa_Finiciomora_rank	0.0021137135455996	0.00577299967964409	0.00753295668549906	124
canarito9	0.00206990770392118	0.00522699310812802	0.00698367859384809	125
mv_status01_rank	0.00206247608474563	0.00190000261379323	0.00596359070935342	126
internet	0.00202124974154679	0.00770665935691173	0.00298179535467671	127
cliente_edad	0.00197306922128743	0.0031564187472708	0.0043157564344005	128
canarito24	0.00196553451643488	0.00229031713393634	0.00619899560577527	129
canarito1	0.00196238546276755	0.00140067092133551	0.00666980539861896	130
mcomisiones_mantenimiento	0.00196047211399379	0.00378697206683679	0.00321720025109856	131
mactivos_margen_rank	0.00195541977517225	0.0041571895349448	0.00392341494036409	132
cmobile_app_trx_delta2	0.00195391429158766	0.00481994724229725	0.0060420590081607	133
canarito25	0.00193309380864039	0.00296205687828895	0.0069052102950408	134
canarito21	0.00191721920793739	0.00210859456645073	0.00651286880100439	135
canarito5	0.00191205616341114	0.00178933839369158	0.00651286880100439	136
canarito19	0.00187801555148617	0.00252854571665019	0.00666980539861896	137
Master_mfinanciacion_limite_rank	0.00187190552415671	0.00254334868651264	0.00525737602008789	138
canarito26	0.00181630010787145	0.0115307820699513	0.00674827369742624	139
canarito8	0.00178484419671137	0.0031833546281608	0.00659133709981168	140
canarito2	0.00176138733731413	0.00256919506063668	0.00580665411173886	141
tmobile_app	0.00176066171912953	0.00408494960980057	0.00329566854990584	142
cproductos_avg6	0.0017530884282341	0.00228888491846934	0.00462962962962963	143
Visa_mfinanciacion_limite_rank	0.00165118588944835	0.00799611521784688	0.00486503452605148	144
cproductos	0.00159999985920042	0.00827250211264569	0.00337413684871312	145
mpasivos_margen_rank	0.00158841331390709	0.00285841051397558	0.00423728813559322	146
canarito22	0.00150917186712073	0.00161102245299533	0.00557124921531701	147
canarito3	0.00150489775929354	0.00213043585232242	0.00549278091650973	148
mrentabilidad_rank	0.0014993916571153	0.00157698687543321	0.00462962962962963	149
mv_msaldototal_rank	0.00142140140657391	0.00176837689732105	0.00321720025109856	150
mrentabilidad	0.00135566993579785	0.000987563715046206	0.00376647834274953	151
mv_status04	0.00063196287953612	9.41119013473618e-05	0.000392341494036409	152
cpayroll_trx_lag1	0.000560219278892251	0.00485199817842653	0.00141242937853107	153
