Feature	Gain	Cover	Frequency	pos
ctrx_quarter_normalizado	0.234880636078329	0.0143036518590405	0.0051418777375738	1
ctrx_quarter	0.0576807504537723	0.0128750813909046	0.00447533803085127	2
mtarjeta_visa_consumo	0.0332529013657461	0.0137993089378558	0.00599885736050276	3
mcaja_ahorro	0.0321331778171522	0.00735859160203856	0.00576080746524472	4
mdescubierto_preacordado_tend6	0.0298571266061339	0.00266141955149872	0.00147590935059989	5
mcuentas_saldo	0.0281895443969444	0.0085890977030369	0.00818891639687679	6
cpayroll_trx	0.0167653429282613	0.0114982212494718	0.00285659874309655	7
foto_mes	0.0164481759668231	0.0191028663380665	0.0149019234431537	8
mv_status07_delta2	0.012524001863698	0.00104870478791976	0.000476099790516092	9
mprestamos_personales	0.0108449314314004	0.0101317414947555	0.00633212721386403	10
mprestamos_personales_min3	0.0100398398510063	0.00393126220863569	0.00252332888973529	11
mv_status01_tend6	0.00924037631869539	0.00624375554861588	0.0015711293087031	12
mpasivos_margen	0.00880391202851028	0.0130282963022225	0.00661778708817368	13
mpayroll_sobre_edad	0.00775457457152441	0.00913301584857813	0.00299942868025138	14
mcuenta_corriente	0.00709144630456888	0.00914483160612618	0.00571319748619311	15
cproductos_tend6	0.00682888666444455	0.0108740231830878	0.00571319748619311	16
mv_status01	0.00663682027913821	0.00314263182469248	0.00128546943439345	17
mprestamos_personales_tend6	0.00607589865291094	0.0129243512510417	0.00547514759093506	18
Master_fechaalta	0.00605646655044214	0.00478858870104318	0.00990287564273472	19
tcallcenter_tend6	0.00601816846861059	0.0137570747478605	0.00728432679489621	20
ccomisiones_mantenimiento_tend6	0.00554914048758803	0.0169341857262287	0.00471338792610931	21
mprestamos_personales_delta2	0.00538024457303027	0.006016664420048	0.00352313844981908	22
cpayroll_trx_min3	0.00535039395597096	0.0054839502346512	0.00123785945534184	23
tmobile_app	0.00512715657146859	0.00300432191165847	0.00318986859645782	24
Visa_cconsumos_avg6	0.0050305883877909	0.0100629815173315	0.0118548847838507	25
numero_de_cliente	0.00486845668381455	0.00591094784561595	0.0117120548466959	26
mcuenta_corriente_tend6	0.00477274438085343	0.00466186260038772	0.00852218625023805	27
Visa_fultimo_cierre_avg6	0.00470776363186435	0.00631419964966195	0.0109979051609217	28
Visa_status_tend6	0.00459218757892649	0.00072560516679715	0.000380879832412874	29
mcaja_ahorro_dolares_delta1	0.00456609525467322	0.00792655136862777	0.00737954675299943	30
mtransferencias_emitidas_avg6	0.00456570666519152	0.00482629827947107	0.00785564654351552	31
Visa_cconsumos_tend6	0.00437960032936157	0.00611917746192149	0.00871262616644449	32
ccaja_ahorro	0.00434524857361253	0.00409577856429974	0.00285659874309655	33
mv_mpagominimo_lag2	0.0042448042394567	0.00551495021078438	0.00509426775852219	34
Master_fechaalta_min3	0.00416271374976748	0.00524330880205026	0.00923633593601219	35
mdescubierto_preacordado	0.00415593322536448	0.00130844303947673	0.00185678918301276	36
mactivos_margen_min3	0.00411321668772062	0.00573818230957554	0.00680822700438012	37
mrentabilidad_annual_tend6	0.00403981897538227	0.00617907646156551	0.00847457627118644	38
mv_msaldototal	0.00384930363062073	0.00382339425871837	0.00366596838697391	39
chomebanking_trx_delta1	0.00381744146069628	0.00939044809453682	0.00780803656446391	40
mcuentas_saldo_tend6	0.00379000768986843	0.00612406511810211	0.00661778708817368	41
mcomisiones_mantenimiento_tend6	0.0036923211041887	0.0105380489242955	0.00690344696248334	42
mrentabilidad_annual_min3	0.00367686270059787	0.00378844113013099	0.00709388687868977	43
cproductos	0.00364387505392337	0.00826304666367043	0.00480860788421253	44
canarito4	0.00363073747769571	0.00433200631563166	0.00995048562178633	45
ctarjeta_visa_trx	0.0036008694571196	0.00368478180850674	0.00280898876404494	46
canarito23	0.00356618859568964	0.00903053642194658	0.0098076556846315	47
Master_mfinanciacion_limite	0.00352731155397098	0.00577581121142273	0.00790325652256713	48
mcuentas_saldo_min3	0.00352497353178433	0.0104971156441638	0.00571319748619311	49
cliente_edad	0.00346516753125352	0.00388089649161081	0.00676061702532851	50
cliente_edad_lag2	0.0034622541615091	0.00453497514657086	0.0072367168158446	51
mactivos_margen_avg6	0.0034517013066093	0.004848484339163	0.00628451723481242	52
canarito27	0.00340873155011479	0.00367676121177569	0.00918872595696058	53
mactivos_margen	0.003408592703034	0.00386808236137663	0.00576080746524472	54
Visa_mfinanciacion_limite	0.00339816563659573	0.00590732076100874	0.00780803656446391	55
Master_Fvencimiento_tend6	0.00336118126432692	0.0031928866114189	0.00628451723481242	56
ctarjeta_visa_trx_tend6	0.00334019079607424	0.00578465202005754	0.00509426775852219	57
mrentabilidad_avg6	0.00333462139627997	0.00467517087467868	0.00604646733955437	58
ctrx_quarter_delta1	0.00331822740456272	0.00281432856411486	0.00680822700438012	59
Visa_Finiciomora	0.003312383257717	0.00576118185812284	0.0020472290992192	60
mactivos_margen_tend6	0.0033020745057721	0.00682160491938897	0.00756998666920587	61
mv_fechaalta_delta2	0.00325044833832629	0.00738594096289516	0.00295181870119977	62
mv_status04	0.00324480111910999	8.77324199847992e-05	0.000380879832412874	63
mrentabilidad_annual	0.00322360657212145	0.00564185783374641	0.00595124738145115	64
mcaja_ahorro_lag1	0.00315353920381222	0.00223656995449505	0.00552275756998667	65
ccomisiones_otras_tend6	0.00314516214549196	0.00966853690667837	0.0087602361454961	66
canarito1	0.00312607195934308	0.00621254379645837	0.00895067606170253	67
Visa_mfinanciacion_limite_min3	0.0030938245799417	0.00627778089652523	0.00714149685774138	68
mcuenta_corriente_delta2	0.0030907125932301	0.00317029380729928	0.00480860788421253	69
mv_mpagominimo	0.00305341360181688	0.00526878915545402	0.00452294800990288	70
internet	0.003040701991558	0.00426714906779892	0.00323747857550943	71
canarito14	0.00303570018059699	0.00277968469575349	0.00837935631308322	72
mcuentas_saldo_delta2	0.00301209938893881	0.00210584700157084	0.00552275756998667	73
mcomisiones_mantenimiento	0.002994422269428	0.00358060145063215	0.00347552847076747	74
canarito31	0.00299302747253912	0.00686601401553898	0.00885545610359931	75
mtarjeta_visa_consumo_delta2	0.00297988393858227	0.00346932827670454	0.00395162826128356	76
mcaja_ahorro_avg6	0.00296553396697633	0.00461586686481731	0.00704627689963816	77
canarito13	0.00295846573571072	0.0083662925178186	0.00909350599885736	78
Visa_fechaalta_tend6	0.00294907111798211	0.00814685557984444	0.00528470767472862	79
canarito20	0.00292900703009367	0.00219842337792171	0.00856979622928966	80
cmobile_app_trx_delta2	0.00292633208530968	0.00495519928628118	0.00647495715101885	81
ctrx_quarter_normalizado_tend6	0.00292208163678098	0.00637949725716433	0.00657017710912207	82
canarito10	0.0029051381645488	0.00819907013517697	0.00833174633403161	83
canarito7	0.00289840949711389	0.00453335825343271	0.00837935631308322	84
mtransferencias_recibidas_avg6	0.00289552427778018	0.00458440635986932	0.00676061702532851	85
mcuenta_corriente_avg6	0.00287511263737508	0.00572371094791285	0.00604646733955437	86
mv_mpagominimo_tend3	0.00286036970229395	0.00706225643656249	0.00471338792610931	87
canarito5	0.00281617546127324	0.00506325884307766	0.00809369643877357	88
canarito26	0.00280781888104086	0.00205297358749594	0.00847457627118644	89
canarito12	0.00280456692860499	0.00563623736529112	0.00828413635498	90
mcuentas_saldo_delta1	0.0027839801066217	0.00921005526009625	0.00652256713007046	91
canarito8	0.00276257539024242	0.00322701616657831	0.00833174633403161	92
canarito35	0.00275487828387048	0.00275681624664982	0.00761759664825747	93
ctrx_quarter_tend6	0.00275293066471496	0.00372928502733423	0.00628451723481242	94
cpayroll_trx_lag1	0.00274647322770866	0.00168861125687054	0.000714149685774138	95
mdescubierto_preacordado_delta1	0.00273870958169291	0.00810606012220485	0.00190439916206437	96
cproductos_delta2	0.00272711060933529	0.00205945460614534	0.00138068939249667	97
mcaja_ahorro_delta2	0.00271442341575233	0.0025767864568224	0.00552275756998667	98
canarito2	0.00271200495550767	0.00298638481854997	0.00737954675299943	99
canarito30	0.00269077100905082	0.00640571042284277	0.00795086650161874	100
cliente_edad_avg6	0.00268044044872731	0.00549587019944932	0.00542753761188345	101
canarito32	0.00267693980533269	0.00220948615404991	0.00780803656446391	102
canarito3	0.00260271626707045	0.00422601409621556	0.00780803656446391	103
canarito16	0.00259386577191782	0.00821191788065312	0.00785564654351552	104
mrentabilidad_annual_delta1	0.00258683751834725	0.00225995943984905	0.00580841744429633	105
cproductos_avg6	0.00256870396955003	0.00272429350005597	0.00614168729765759	106
mtransferencias_recibidas_tend6	0.00254980617132306	0.00403909654331105	0.00676061702532851	107
mrentabilidad_tend6	0.00253148925006695	0.00549392387693998	0.00647495715101885	108
canarito34	0.00252762109137637	0.00305100003664061	0.00728432679489621	109
thomebanking_avg6	0.00251191545827084	0.00788297256895411	0.00633212721386403	110
mcomisiones_mantenimiento_avg6	0.00251113233221232	0.00428003042851702	0.00523709769567701	111
canarito9	0.00250910340920949	0.00789860701798852	0.00747476671110265	112
canarito25	0.0024980220982072	0.00627860446995318	0.00771281660636069	113
canarito11	0.00249034903129763	0.00228483471889758	0.00742715673205104	114
mpayroll	0.00248949833468276	0.00599785669217279	0.00119024947629023	115
canarito18	0.00246538224213402	0.00547891803293016	0.00728432679489621	116
mv_Finiciomora_lag1	0.00245001391592876	0.00944844783301023	0.00219005903637402	117
Master_mfinanciacion_limite_min3	0.00244321675100239	0.00522487084183659	0.00704627689963816	118
canarito29	0.00241486604639562	0.00269846354813585	0.00733193677394782	119
ctarjeta_visa_trx_tend3	0.0023832091299747	0.00446511931225904	0.00490382784231575	120
canarito6	0.00238228368658885	0.00190948356567628	0.00742715673205104	121
canarito33	0.00237241765781531	0.00335676763900995	0.00666539706722529	122
mrentabilidad_delta2	0.00237161881551001	0.00242889283830632	0.00552275756998667	123
canarito21	0.00236924730550333	0.00298570579066243	0.00714149685774138	124
mrentabilidad	0.00236597880352433	0.00212065451565311	0.00452294800990288	125
mcuenta_corriente_min3	0.00236055836379693	0.00146599767853139	0.00414206817749	126
canarito24	0.002345918858191	0.00786750283460528	0.00695105694153495	127
canarito28	0.00233939686213358	0.00165892899822209	0.00728432679489621	128
mactivos_margen_lag2	0.00232556191965903	0.00289205372656892	0.00542753761188345	129
Visa_mconsumospesos_tend6	0.00232203858319154	0.00606847895400124	0.00657017710912207	130
mcuenta_debitos_automaticos	0.00231178225625047	0.00539549508696431	0.0036183584079223	131
mcuentas_saldo_lag1	0.00228279147356069	0.00695462379333887	0.00552275756998667	132
mpasivos_margen_tend3	0.00224721867709454	0.00153307017080913	0.00523709769567701	133
canarito22	0.0022467928729997	0.00443322853221399	0.00733193677394782	134
canarito17	0.00223390706776659	0.00192268090966879	0.00714149685774138	135
internet_avg6	0.00223017252361107	0.0064689171622954	0.00485621786326414	136
mtransferencias_recibidas	0.00221970778012596	0.00316534228215895	0.00418967815654161	137
Visa_status_avg6	0.00220334636583551	0.000888968519662059	0.0010474195391354	138
mpasivos_margen_min3	0.00219788755784771	0.00332797282274918	0.00537992763283184	139
canarito15	0.00218506988588969	0.00190198064367138	0.00666539706722529	140
mrentabilidad_min3	0.00218231146377575	0.00418247899635644	0.00580841744429633	141
mrentabilidad_annual_delta2	0.00216460625618161	0.00316832731564477	0.00561797752808989	142
mcuenta_corriente_delta1	0.00212541401531947	0.00225729038963763	0.00480860788421253	143
mv_msaldototal_min3	0.00212416519933748	0.00415237654718353	0.00352313844981908	144
mpayroll_avg6	0.00212148901923079	0.00276641675975287	0.00252332888973529	145
mactivos_margen_tend3	0.00207579827603982	0.00172802848958986	0.00523709769567701	146
mv_fechaalta_tend6	0.00204057364015148	0.00356542416888835	0.00333269853361265	147
mcaja_ahorro_min3	0.00202084748096011	0.00114890510114658	0.00357074842887069	148
mcuenta_corriente_lag2	0.0019739996016657	0.00532490307885363	0.00504665777947058	149
ctrx_quarter_tend3	0.00196812908738579	0.00310690890706428	0.00433250809369644	150
mpayroll_sobre_edad_tend3	0.00190892635500972	0.00379254891269819	0.00242810893163207	151
cproductos_delta1	0.00176567458906997	0.00735647720331944	0.00176156922490954	152
mtarjeta_visa_debitos_automaticos_delta1	0.00170807673022092	0.00818804097429073	0.00366596838697391	153
ccaja_ahorro_avg6	0.00170717204037452	0.00318934020339238	0.00233288897352885	154
canarito19	0.0016970040697268	0.00136939755771821	0.0051418777375738	155
Master_fechaalta_tend6	0.00163967586746626	0.00171651526921943	0.00352313844981908	156
mv_mpagominimo_min3	0.00162345640835449	0.00296648795683534	0.00304703865930299	157
mtransferencias_recibidas_min3	0.00157638389528712	0.00762864973287648	0.00418967815654161	158
ctrx_quarter_min3	0.00157352519521827	0.000992641287383091	0.00380879832412874	159
mv_msaldototal_tend3	0.00157280463462098	0.00599420271537202	0.00428489811464483	160
cproductos_tend3	0.00153406656257013	0.0020739461369532	0.000714149685774138	161
mpayroll_sobre_edad_min3	0.00151309700264148	0.00225858457645299	0.000999809560083794	162
mcomisiones_mantenimiento_tend3	0.00146022837261832	0.00816721297037388	0.00323747857550943	163
mcuenta_corriente_lag1	0.00143668145721707	0.00110614987490088	0.00314225861740621	164
ccaja_ahorro_tend3	0.00135652638248088	0.00573437034113756	0.0015235193296515	165
ccomisiones_mantenimiento_delta1	0.00135154926453351	0.0107048679240336	0.0020472290992192	166
ctarjeta_visa_trx_min3	0.00130886077878766	0.00490465540847393	0.00271376880594173	167
mtransferencias_recibidas_tend3	0.00130507591487575	0.00203562139959749	0.00366596838697391	168
mtarjeta_visa_consumo_min3	0.00129816287892548	0.0061066087229536	0.00338030851266425	169
mdescubierto_preacordado_delta2	0.00127353655970265	0.00224756550013934	0.00061892972767092	170
Master_fechaalta_tend3	0.00121704553492408	0.00435225949891103	0.00180917920396115	171
Master_mfinanciacion_limite_tend3	0.00120942084882825	0.0121495434545914	0.00238049895258046	172
mrentabilidad_tend3	0.00118883611318743	0.00111300066121181	0.00323747857550943	173
mautoservicio_tend3	0.00118233860292729	0.00369213346192284	0.00333269853361265	174
mcuenta_debitos_automaticos_min3	0.00110861443721852	0.00545512852619686	0.00252332888973529	175
mcuentas_saldo_tend3	0.00106841448068576	0.0011965547066213	0.00161873928775471	176
ctrx_quarter_normalizado_tend3	0.00105564790772403	0.00252894860599272	0.00276137878499334	177
tmobile_app_tend3	0.00104943765488999	0.00489581459983912	0.00176156922490954	178
mcuenta_debitos_automaticos_tend3	0.000974924498589187	0.00922490983551726	0.00271376880594173	179
ctrx_quarter_normalizado_min3	0.000969171769906113	0.000891372009462018	0.00223766901542563	180
mpayroll_tend3	0.00095838187217761	0.0052767122679834	0.00199961912016759	181
mcaja_ahorro_tend3	0.000900395831633329	0.00107089084761169	0.00209483907827081	182
internet_tend3	0.000877149234345174	0.00199382756927177	0.00166634926680632	183
cliente_edad_min3	0.000862468948320764	0.00143876597102164	0.00190439916206437	184
mcomisiones_mantenimiento_min3	0.000833197021161723	0.00219022798193248	0.0020472290992192	185
mcuenta_corriente_tend3	0.000829085841826709	0.00339405030386498	0.00161873928775471	186
tmobile_app_min3	0.000821502409660189	0.000673299850311328	0.00119024947629023	187
internet_min3	0.000813892866162963	0.000524538958552743	0.00142829937154828	188
cproductos_min3	0.000786609220717155	0.000914139612839812	0.00128546943439345	189
mrentabilidad_annual_tend3	0.000758454891359751	0.000591705573507962	0.00180917920396115	190
mautoservicio_min3	0.000734203463331422	0.000444941427121651	0.0015711293087031	191
mprestamos_personales_tend3	0.00066560319078172	0.00422308284711687	0.000999809560083794	192
mautoservicio	0.000627133381076643	0.00201273278134865	0.00176156922490954	193
mpayroll_min3	0.000523239872351279	0.00293840242217987	0.000666539706722529	194
cpayroll_trx_lag2	0.000473732410641941	0.00349463383085012	0.00061892972767092	195
Visa_mfinanciacion_limite_tend3	0.000456327060351849	0.00376566008065641	0.00123785945534184	196
mv_status04_tend3	0.000446387820246687	0.00168237226796323	0.00061892972767092	197
mtarjeta_visa_consumo_tend3	0.000431313957221196	0.00108873381804271	0.000999809560083794	198
Visa_Finiciomora_min3	0.000373327967779456	0.00600866063093792	0.000952199581032184	199
mv_status01_tend3	0.000362164478278859	0.000787353004748825	0.000333269853361265	200
cliente_edad_tend3	0.000329887169921113	0.000946911112224149	0.000856979622928966	201
cpayroll_trx_tend3	0.000309263079120538	0.00249128608890358	0.000761759664825748	202
internet_lag1	0.000212645292303585	0.000166842530407508	0.00061892972767092	203
mv_status04_min3	0.000208994507280454	0.000252558035874859	0.000476099790516092	204
ccaja_ahorro_min3	0.000170731411784483	7.4851059266697e-05	0.000285659874309655	205
mdescubierto_preacordado_min3	7.08095186962129e-05	0.000129808618342964	0.000142829937154828	206
Visa_Finiciomora_tend3	3.97440307393034e-05	0.0028920671726657	0.000285659874309655	207
