Feature	Gain	Cover	Frequency	pos
ctrx_quarter_normalizado	0.352158118637467	0.0416416155251634	0.00888463641334062	1
mcuentas_saldo	0.0476111826940293	0.0123900347374469	0.0139420448332422	2
mtarjeta_visa_consumo	0.0435020062984622	0.0269775981939289	0.0101148168398032	3
mcaja_ahorro	0.0423026161974368	0.0131974190456314	0.00820120284308365	4
foto_mes	0.0257741290920995	0.0322538731152084	0.0363586659376709	5
cpayroll_trx	0.0248821423873318	0.0226851224309196	0.00915800984144341	6
mdescubierto_preacordado	0.0190646117969133	0.00255759414235596	0.00437397484964461	7
mprestamos_personales	0.0189123116197264	0.0160388983260878	0.0157189721159103	8
Visa_status	0.0120026516569422	0.00106383129611248	0.000273373428102788	9
mpayroll_sobre_edad	0.0117466805561053	0.0203348803549418	0.0071077091306725	10
mcuenta_corriente	0.00972923499311178	0.00231711614342897	0.00738108255877529	11
ctrx_quarter	0.00939963307649066	0.00222479407581899	0.000820120284308365	12
mpasivos_margen	0.00841623290066309	0.00823550569637525	0.00628758884636413	13
ccaja_ahorro	0.00734386973920777	0.0114418526164119	0.00888463641334062	14
mv_status05_delta1	0.0067779208486091	0.00185056679435354	0.000546746856205577	15
mprestamos_personales_delta1	0.00675261423005222	0.016657930640921	0.00929469655549481	16
mdescubierto_preacordado_delta1	0.00642018377139459	0.0148674599471945	0.00546746856205577	17
mv_status01	0.00631664336578915	0.00529227270917851	0.00205030071077091	18
mv_status07_delta1	0.00596611881978541	0.0016190308532891	0.00150355385456534	19
cproductos_delta1	0.00568483348562217	0.0046754435100506	0.00314379442318207	20
mactivos_margen	0.00514085962400013	0.0096219854474416	0.00997813012575178	21
mv_status04	0.00455071643791757	0.000924883812465521	0.00150355385456534	22
mrentabilidad_annual_delta1	0.00453461967119952	0.00356907624143248	0.0101148168398032	23
ctrx_quarter_delta1	0.00444240929073487	0.00864854669276586	0.0107982504100601	24
mprestamos_personales_lag1	0.00424148897836148	0.00163465425551274	0.00191361399671952	25
mcaja_ahorro_dolares_delta1	0.00419579983111287	0.0093000497652159	0.00779114270092947	26
cliente_edad	0.00397585480594318	0.00635781753972842	0.00970475669764899	27
ccomisiones_mantenimiento_delta1	0.00393991806755491	0.00633262570360838	0.00642427556041553	28
mpayroll	0.00377632104231653	0.0150551207669913	0.00328048113723346	29
ctarjeta_visa_trx	0.00374796562158935	0.00643118273265876	0.00423728813559322	30
cproductos	0.00371176966731209	0.00710689127896864	0.00738108255877529	31
cliente_edad_lag1	0.00370633903552351	0.00613100461795371	0.0101148168398032	32
tmobile_app	0.00357266489378493	0.00399481035216423	0.00601421541826135	33
mv_status07	0.00336610185508967	0.00164422268940915	0.000820120284308365	34
mcuenta_corriente_lag1	0.0032924054730611	0.00283853459312481	0.00656096227446692	35
mcomisiones_mantenimiento	0.00323539374195106	0.0116492838797599	0.0069710224166211	36
cpayroll_trx_lag1	0.00323180657832806	0.00102945261149596	0.00136686714051394	37
mcuentas_saldo_delta1	0.00305629816842178	0.0107191226692161	0.00806451612903226	38
mcaja_ahorro_lag1	0.0028552802635324	0.00359812712989901	0.00628758884636413	39
mtransferencias_recibidas	0.00283955139268218	0.00826266305729117	0.00519409513395298	40
cprestamos_personales_delta1	0.00281795827901886	0.00115489341193023	0.000956806998359759	41
tcallcenter	0.00281470456335947	0.00406983868146031	0.00355385456533625	42
mrentabilidad_annual_lag1	0.00277221976516356	0.00253954443296672	0.00642427556041553	43
Visa_Finiciomora	0.00272413910321209	0.00852102517194328	0.00410060142154183	44
Visa_fechaalta_lag1	0.00256931480995085	0.00116441864747948	0.00273373428102788	45
mv_msaldototal_lag1	0.00256715321588858	0.000488623704475269	0.00177692728266812	46
chomebanking_trx_delta1	0.00247124667231117	0.00625948370213838	0.00628758884636413	47
mrentabilidad_annual	0.00244834415660934	0.0013218478239873	0.0047840349917988	48
mv_Finiciomora_lag1	0.0024399039386408	0.00707269978718982	0.00341716785128486	49
mcuenta_corriente_delta1	0.00243604565192527	0.00605614908204628	0.00642427556041553	50
Visa_mpagominimo	0.00222959050238316	0.0057376548681445	0.00492072170585019	51
chomebanking_trx	0.0022023844969114	0.00294337698168728	0.00601421541826135	52
mv_msaldopesos	0.00216424938022336	0.00105448605367641	0.00218698742482231	53
mcuenta_debitos_automaticos	0.00205389888838175	0.0105305546841289	0.0047840349917988	54
Master_fechaalta	0.00205173274887899	0.00372633262455165	0.00396391470749043	55
mcaja_ahorro_delta1	0.00203755685582415	0.00570289459812805	0.0047840349917988	56
internet_lag1	0.00202988909961446	0.000456570530880976	0.00136686714051394	57
mcuentas_saldo_lag1	0.00198304954821689	0.0108797125247913	0.00437397484964461	58
internet	0.00195320283120629	0.00117820611994872	0.00382722799343904	59
ccaja_seguridad	0.00186455589537707	0.00704729195933397	0.00369054127938764	60
mtarjeta_visa_debitos_automaticos_delta1	0.00180662269764813	0.00652680227410211	0.00519409513395298	61
numero_de_cliente	0.00176495434962479	0.0010687127093418	0.00519409513395298	62
mtarjeta_visa_consumo_delta1	0.00173654909097616	0.00183229389350396	0.00205030071077091	63
mpagomiscuentas	0.00170678100690561	0.00708753841944001	0.00300710770913067	64
Visa_mfinanciacion_limite	0.00160631788909841	0.00670422508562146	0.0047840349917988	65
mactivos_margen_lag1	0.00152613196691718	0.00372663501298179	0.00423728813559322	66
mrentabilidad	0.00151083165274669	0.00106769034845896	0.00369054127938764	67
Master_fechaalta_lag1	0.00150434305666929	0.00780849723440222	0.00396391470749043	68
mcomisiones	0.00142392593002076	0.00333098855104846	0.00355385456533625	69
ccallcenter_trx	0.00142117245136558	0.00408281978478252	0.00396391470749043	70
mactivos_margen_delta1	0.00135667000635108	0.00239141730054781	0.00396391470749043	71
Visa_fechaalta	0.00128547172844857	0.00113418700419052	0.00218698742482231	72
mv_mpagominimo	0.00127474366767525	0.00196738232480444	0.00259704756697649	73
Visa_fultimo_cierre	0.00125809062520639	0.00254752892746719	0.00287042099507928	74
Master_Fvencimiento	0.00125092276335797	0.00121169923844842	0.00355385456533625	75
mv_fechaalta_lag1	0.0012466490893067	0.000777138265446543	0.00314379442318207	76
ctarjeta_master	0.00122573783942859	0.00090584774081608	0.00109349371241115	77
tmobile_app_delta1	0.0011876054393063	0.00465915053344595	0.00328048113723346	78
mv_Finiciomora_delta1	0.00117434308726449	0.00143556747289158	0.000820120284308365	79
canarito20	0.00117278480790094	0.00121602627288916	0.00423728813559322	80
mrentabilidad_delta1	0.00115766642267337	0.00270772279819338	0.00328048113723346	81
cliente_antiguedad	0.00114183499604467	0.00244341371108195	0.00314379442318207	82
mtransferencias_recibidas_lag1	0.00109302348248801	0.00171891263165245	0.00300710770913067	83
canarito36	0.00106448540271375	0.00116832089817312	0.00355385456533625	84
mvr_mpagominimo	0.00106302109426044	0.0035481898405796	0.00218698742482231	85
canarito75	0.0010234377588797	0.000989746130729445	0.00355385456533625	86
mtarjeta_master_consumo	0.00101522248238602	0.00255599580351096	0.00177692728266812	87
thomebanking	0.00100520979356411	0.00182950040038748	0.0023236741388737	88
ccomisiones_mantenimiento	0.00100074851599805	0.00280148481070877	0.00123018042646255	89
mtarjeta_visa_debitos_automaticos_lag1	0.000987408800385392	0.0025209115458908	0.00300710770913067	90
cplazo_fijo	0.000984264007590987	0.00497367769913335	0.00191361399671952	91
canarito3	0.000977161378018482	0.000977686592146686	0.00341716785128486	92
mpasivos_margen_delta1	0.000968024115881373	0.000963186346949268	0.00287042099507928	93
mpayroll_lag1	0.000965445218863574	0.00374986852403048	0.00191361399671952	94
mtransferencias_emitidas_lag1	0.000959206215757868	0.00222637801521493	0.00287042099507928	95
Master_status	0.00094146003966633	0.00235785938452737	0.000820120284308365	96
Visa_mpagominimo_delta1	0.000931364035117547	0.000653360601378014	0.0023236741388737	97
canarito83	0.000922886550030738	0.00171711990024522	0.00355385456533625	98
cprestamos_personales	0.000920679977215457	0.00218694512398044	0.00177692728266812	99
mautoservicio	0.000917136797668934	0.00536480993378824	0.00177692728266812	100
mtransferencias_emitidas_delta1	0.000914844776644351	0.00272166866460222	0.0024603608529251	101
mrentabilidad_lag1	0.000913860619379433	0.000643770568308024	0.00287042099507928	102
mpayroll_sobre_edad_delta1	0.000912783086853598	0.00519908667462529	0.00259704756697649	103
mpayroll_delta1	0.000910559967420456	0.0029806067572165	0.00259704756697649	104
internet_delta1	0.000909132765607079	0.00399922378329929	0.00259704756697649	105
canarito56	0.000902611168822014	0.00425575716792154	0.00314379442318207	106
canarito78	0.000890326773219962	0.0014407944728982	0.00300710770913067	107
canarito27	0.000886915300125212	0.00236272639830764	0.00314379442318207	108
mv_status04_delta1	0.000882977901926115	0.000229772008555317	0.000546746856205577	109
mcaja_ahorro_dolares_lag1	0.000882703807815688	0.00150242411484949	0.0024603608529251	110
canarito17	0.000857899960664151	0.00229508498637629	0.00300710770913067	111
canarito47	0.000849111843007045	0.00103871145723771	0.00273373428102788	112
Master_msaldototal	0.000836474442770363	0.00213916775201914	0.00218698742482231	113
canarito96	0.000836151557462069	0.000646715255639575	0.00287042099507928	114
canarito2	0.000835586718529295	0.00125551676191986	0.00314379442318207	115
canarito52	0.000826940149995382	0.00107802195315524	0.00328048113723346	116
canarito25	0.000825077408525929	0.000529849327116986	0.00300710770913067	117
Visa_mpagospesos	0.000812652195350586	0.000918368061768568	0.00218698742482231	118
Master_Fvencimiento_lag1	0.000811831104317959	0.000275310266188719	0.00259704756697649	119
ccajas_consultas_delta1	0.000807745817378429	0.00862887704535804	0.0024603608529251	120
ccaja_ahorro_delta1	0.000803082055184616	0.00938792960279271	0.00205030071077091	121
canarito101	0.000793551475097679	0.0015554788848891	0.00287042099507928	122
ccallcenter_trx_lag1	0.000784416786396987	0.00390500098841418	0.0024603608529251	123
canarito26	0.000783108684088441	0.000495809029553235	0.00287042099507928	124
canarito57	0.00077886321952671	0.000750772874228596	0.00300710770913067	125
canarito32	0.000777379172237782	0.000932018739471798	0.00273373428102788	126
canarito55	0.000777107132539235	0.000391276229145431	0.00273373428102788	127
canarito8	0.000776701146920933	0.000635015703283167	0.00259704756697649	128
canarito62	0.000775483502348197	0.000455612967518882	0.00273373428102788	129
Master_fultimo_cierre	0.000769083616093901	0.00203918517751241	0.00218698742482231	130
canarito98	0.00076749722844337	0.00168470674042458	0.00287042099507928	131
canarito111	0.000766763016913332	0.000282308398428983	0.0024603608529251	132
canarito109	0.000761966635998994	0.000319091791037528	0.00259704756697649	133
canarito89	0.000754846817895274	0.0015539597430139	0.00300710770913067	134
canarito6	0.000754362834021522	0.000350734580333781	0.0023236741388737	135
canarito73	0.000751304340983638	0.000301106879169032	0.00259704756697649	136
mvr_msaldopesos_lag1	0.00074628474915814	0.00493964460129412	0.00218698742482231	137
canarito16	0.000735126626678511	0.00061198378452123	0.0024603608529251	138
cproductos_lag1	0.000735101716392294	0.000615497250090416	0.00164024056861673	139
canarito50	0.000733794829960168	0.000653238206061055	0.00259704756697649	140
mv_mpagominimo_lag1	0.000732942016263573	0.00158086511357137	0.00177692728266812	141
canarito9	0.00073221613225812	0.002516570112001	0.00273373428102788	142
mv_fultimo_cierre	0.000730646349055482	0.00222230297113264	0.00273373428102788	143
Visa_mfinanciacion_limite_lag1	0.000727008818366255	0.000669351189552526	0.0023236741388737	144
canarito65	0.000721300557606548	0.00199694439371239	0.00259704756697649	145
canarito95	0.000719730465013239	0.000385185262195572	0.0023236741388737	146
ccomisiones_otras	0.000711430854984126	0.00594929077061625	0.0023236741388737	147
ccomisiones_otras_lag1	0.000704158679324262	0.00831985766893381	0.00300710770913067	148
mv_msaldototal	0.000701787488986085	0.000126823147543458	0.000683433570256971	149
canarito41	0.000699623032337244	0.000291164059597217	0.0023236741388737	150
ccaja_seguridad_lag1	0.00069530582672951	0.000347545102368311	0.000683433570256971	151
canarito116	0.000694229611282651	0.0010027920315724	0.0024603608529251	152
Master_mfinanciacion_limite_lag1	0.000693939595118706	0.000755402297099469	0.00218698742482231	153
canarito15	0.000693585391956667	0.000856673622296533	0.00273373428102788	154
canarito22	0.000689675240377074	0.000668508821782864	0.0023236741388737	155
canarito18	0.000689408286829828	0.000902550266982705	0.0023236741388737	156
mv_cconsumos	0.000686365225735941	0.000884349363378398	0.00123018042646255	157
mvr_Master_mlimitecompra	0.000685091805543242	0.00145110447842089	0.0023236741388737	158
mcaja_ahorro_dolares	0.000681643926997696	0.000901736698111151	0.0023236741388737	159
mv_mpagospesos_lag1	0.000679533740942239	0.00040884355699136	0.00136686714051394	160
canarito88	0.000676644308219447	0.00147881621812539	0.0024603608529251	161
canarito105	0.000676268320484412	0.000637146821743165	0.0023236741388737	162
canarito108	0.000673016485746816	0.000442163882102409	0.0024603608529251	163
cmobile_app_trx_lag1	0.000672010455718103	0.000254935045777253	0.00150355385456534	164
cmobile_app_trx_delta1	0.000666196987672964	0.00146209125804912	0.00218698742482231	165
canarito21	0.000663786724473772	0.000389065913715636	0.00259704756697649	166
cliente_antiguedad_lag1	0.000658500541984479	0.00150937184901806	0.00205030071077091	167
canarito99	0.000657738080483886	0.00032056053484104	0.0023236741388737	168
mcomisiones_otras	0.00065646826165642	0.00237332439281141	0.00177692728266812	169
mv_Fvencimiento	0.000656323770430357	0.00242838068626953	0.00218698742482231	170
canarito71	0.000655806767054174	0.000946382189903203	0.0023236741388737	171
Visa_cconsumos	0.000648510522535056	0.000808291473474958	0.00218698742482231	172
canarito28	0.00064738784065761	0.00052022329542436	0.0023236741388737	173
Visa_Fvencimiento_lag1	0.000647363744329092	0.000328314638156641	0.00191361399671952	174
canarito102	0.000645870963259604	0.000778779802638703	0.0024603608529251	175
canarito60	0.000645470653658927	0.00034778989300223	0.00259704756697649	176
canarito72	0.000643315094160485	0.00030514592462869	0.00218698742482231	177
ctrx_quarter_lag1	0.000641936134159672	0.000380879826928414	0.00164024056861673	178
mv_fechaalta	0.000641206368313333	0.000448730030871051	0.00164024056861673	179
canarito38	0.000640533291801458	0.000449766791202942	0.0023236741388737	180
ctarjeta_debito_trx	0.000640290515544776	0.000215538153165399	0.00136686714051394	181
canarito82	0.000639227374022365	0.00153690359560939	0.0023236741388737	182
Master_msaldopesos	0.000638468646896079	0.0039203004030341	0.00191361399671952	183
canarito30	0.000636647686178881	0.000412954599696288	0.00205030071077091	184
canarito69	0.000636585686601742	0.000438218433061602	0.00218698742482231	185
canarito23	0.000634623201339115	0.000162144996073018	0.00177692728266812	186
canarito92	0.000633405595801651	0.00039398332556759	0.00218698742482231	187
Visa_Fvencimiento	0.000630134761007092	0.000498588123220665	0.00177692728266812	188
canarito118	0.000627607646445557	0.000502216784382283	0.00205030071077091	189
canarito44	0.000619853859388997	0.000528891763754892	0.0023236741388737	190
ctrx_quarter_normalizado_delta1	0.00061815423041586	0.000863498961148148	0.00177692728266812	191
mpayroll_sobre_edad_lag1	0.000615104588264349	0.00178828197747029	0.00123018042646255	192
canarito34	0.000613092547001685	0.000439060800831263	0.00218698742482231	193
Master_mfinanciacion_limite	0.000606747602169143	0.00072560983700666	0.00177692728266812	194
canarito10	0.000606054783930148	0.000237454114625648	0.00218698742482231	195
canarito39	0.000604367610100119	0.000327227479753061	0.00191361399671952	196
mvr_msaldopesos	0.000604175287654719	0.000620220269380141	0.00150355385456534	197
canarito79	0.000599070759415702	0.000165824055306326	0.00205030071077091	198
cmobile_app_trx	0.0005986417111807	0.000701080375543103	0.00164024056861673	199
canarito33	0.000598346984760661	0.000289349729016408	0.00205030071077091	200
mtransferencias_emitidas	0.000598315156556885	0.00128471164487693	0.00191361399671952	201
Visa_mpagospesos_lag1	0.000597597274782089	0.000156500412043835	0.00164024056861673	202
mv_mpagominimo_delta1	0.00059680841531771	0.00120432672053275	0.00136686714051394	203
canarito90	0.000596686602138635	0.00042785802946722	0.0023236741388737	204
Visa_mconsumospesos	0.000595969547333294	0.000861331844065515	0.00205030071077091	205
canarito87	0.000595273779762676	0.000421587069404185	0.00205030071077091	206
canarito45	0.000585974289928737	0.000311906465959562	0.00191361399671952	207
mvr_mpagospesos	0.000584577077324123	0.00123306802084461	0.00123018042646255	208
canarito114	0.000581743619734903	0.000306845059617067	0.00205030071077091	209
Visa_mlimitecompra	0.000574259700859193	0.00105607719279688	0.00177692728266812	210
mplazo_fijo_dolares	0.00057397983964884	0.0039665298342221	0.00150355385456534	211
canarito85	0.000572914431189182	0.000504319103944173	0.0024603608529251	212
canarito97	0.000565071588775084	0.00048084080226156	0.00205030071077091	213
thomebanking_lag1	0.000561703677597571	0.00114946481963686	0.000956806998359759	214
canarito84	0.000561192838902782	0.000610443043472448	0.00191361399671952	215
ctarjeta_visa_debitos_automaticos_lag1	0.000560026009579027	0.00214719544486677	0.00164024056861673	216
mdescubierto_preacordado_lag1	0.000559092275764624	0.000173686154489831	0.00109349371241115	217
mvr_msaldopesos2	0.000558320051108905	0.000402982981226366	0.00191361399671952	218
canarito1	0.000558252455030434	0.00186786053266744	0.00218698742482231	219
canarito115	0.000556711023000906	0.00222570124110939	0.0023236741388737	220
mcomisiones_delta1	0.000550217491130296	0.000189784738532248	0.00177692728266812	221
ccuenta_debitos_automaticos_delta1	0.000549996068612871	0.00650459112393625	0.00191361399671952	222
canarito35	0.000549214510190013	0.000468961256791977	0.0023236741388737	223
Master_fultimo_cierre_lag1	0.000548481031655629	0.000563673632944926	0.00150355385456534	224
canarito59	0.000546142347578351	0.000487133361498176	0.00205030071077091	225
canarito120	0.000545245979193273	0.000537272243104343	0.00218698742482231	226
mvr_mpagospesos_delta1	0.000542715441093853	0.000180957876262122	0.000956806998359759	227
canarito104	0.000541296925351259	0.000552809248633652	0.00205030071077091	228
canarito67	0.000541066998927652	0.000244574642182871	0.00218698742482231	229
canarito49	0.000540784019232831	0.000774539164892289	0.00205030071077091	230
ccallcenter_trx_delta1	0.000539736520734035	0.00166911213709906	0.00164024056861673	231
mplazo_fijo_dolares_delta1	0.000536007650401012	0.00660331374665075	0.00164024056861673	232
Visa_msaldopesos	0.000535983918401695	0.000632510199147764	0.00109349371241115	233
canarito12	0.000534463867580691	0.000350813777303578	0.00177692728266812	234
canarito117	0.000532428953094682	0.00214655466938386	0.00205030071077091	235
canarito94	0.000532424602830536	0.00100764464590362	0.00218698742482231	236
canarito46	0.000530522081527928	0.00104506161427054	0.00218698742482231	237
canarito100	0.000518773848391609	0.000328113045869884	0.00177692728266812	238
Visa_mconsumospesos_lag1	0.000517230280988156	0.000290062501744583	0.00150355385456534	239
canarito80	0.000516574323611459	0.000247540928688003	0.00191361399671952	240
ctrx_quarter_normalizado_lag1	0.000515109830102047	0.000942191950228477	0.00109349371241115	241
ctransferencias_emitidas_lag1	0.000514206597292189	0.00104672475063628	0.00150355385456534	242
canarito110	0.000507844559347985	0.00038787075944415	0.00191361399671952	243
canarito54	0.000506640820006406	0.00082848670077325	0.00177692728266812	244
mcuenta_debitos_automaticos_lag1	0.00050413355415755	0.000850208269671269	0.00164024056861673	245
canarito86	0.000501674927702727	0.000214119807433576	0.00164024056861673	246
canarito93	0.000500501527441604	0.000265043459013189	0.00205030071077091	247
canarito63	0.000496303234836848	0.000196602877659336	0.00164024056861673	248
Master_mpagospesos_lag1	0.000494811569886975	0.00240749428541665	0.00150355385456534	249
Visa_msaldopesos_lag1	0.000493428440340866	0.000536595468998803	0.00136686714051394	250
tmobile_app_lag1	0.000492029355488971	9.76282645863917e-05	0.000546746856205577	251
canarito43	0.000491342401215205	0.000675226164766574	0.00191361399671952	252
mpasivos_margen_lag1	0.000490984288743014	0.000659674759788211	0.00136686714051394	253
canarito24	0.000490591602586284	0.00108040506197368	0.00177692728266812	254
mcomisiones_lag1	0.000488952309131121	0.000779406178672554	0.00164024056861673	255
canarito13	0.000488849819857186	0.000352851299344725	0.00177692728266812	256
canarito42	0.000487617599224923	0.000308846583035579	0.00191361399671952	257
mvr_Visa_mlimitecompra	0.000487124693623009	0.000180252303258474	0.000820120284308365	258
canarito107	0.00048706994159461	0.000644087356187213	0.00191361399671952	259
canarito5	0.000484406278761886	0.000190655905200018	0.00164024056861673	260
canarito119	0.000481300333291372	0.000311481682212468	0.00164024056861673	261
canarito58	0.000473975652299846	0.000613596522815283	0.00164024056861673	262
chomebanking_trx_lag1	0.000472052514590886	0.000520799273386521	0.00150355385456534	263
cextraccion_autoservicio	0.000470364357650316	0.000392334588650903	0.000956806998359759	264
canarito40	0.000469136081026225	0.00016218819442018	0.00164024056861673	265
Visa_mlimitecompra_lag1	0.000469030583144884	0.000792524076760785	0.00164024056861673	266
mprestamos_prendarios_lag1	0.000462424143920102	0.00204299383178721	0.00109349371241115	267
canarito4	0.000462314220595573	0.000622862568281557	0.00177692728266812	268
canarito91	0.000460827581075467	0.000130063023580617	0.00164024056861673	269
Visa_cconsumos_delta1	0.000460563323853456	0.000571089349207756	0.00150355385456534	270
canarito121	0.000459625780485706	0.00101446998475523	0.00205030071077091	271
mv_cconsumos_delta1	0.000457318034029714	0.00185000521584043	0.00136686714051394	272
mv_mfinanciacion_limite_delta1	0.000456090743407666	0.00145567630349555	0.00136686714051394	273
mv_mpagospesos_delta1	0.000454820980964482	0.000338516647811428	0.00150355385456534	274
tcuentas_lag1	0.000449708401339281	0.00347758934186764	0.00109349371241115	275
mv_Fvencimiento_lag1	0.000447578417172423	0.000226877719295455	0.00150355385456534	276
ctransferencias_emitidas	0.000441983462794107	0.000282293998979929	0.00123018042646255	277
Visa_msaldopesos_delta1	0.00044197678631693	0.000735811846661448	0.00164024056861673	278
tpaquete9	0.000438537501314116	0.00125811586247412	0.000956806998359759	279
Master_mpagominimo	0.000436526354971194	0.0012786566765497	0.00123018042646255	280
Master_Finiciomora	0.000433188755404872	0.000738252553276108	0.000546746856205577	281
mprestamos_prendarios	0.000422404758533252	0.00816036937121127	0.00164024056861673	282
mvr_mpagominimo_delta1	0.000422300678933441	0.000347847490798446	0.00123018042646255	283
canarito66	0.00041504786910549	0.000128579880328051	0.00150355385456534	284
Master_mpagospesos	0.000412961624683217	0.00157652367968158	0.000956806998359759	285
canarito29	0.000409371592690645	0.000615540448437578	0.00136686714051394	286
canarito11	0.00040355006892207	0.000315074344751451	0.00164024056861673	287
ctarjeta_visa_trx_lag1	0.000399705872493795	0.00123961257043967	0.00136686714051394	288
mv_Finiciomora	0.00039871264169688	0.00185721214009198	0.000956806998359759	289
canarito48	0.000397194241923286	0.000457088911046921	0.00164024056861673	290
canarito70	0.000393294466497156	0.00132809718487675	0.00150355385456534	291
canarito113	0.000392048515569583	0.000268110541661699	0.00150355385456534	292
Visa_mconsumosdolares	0.00039200343561401	0.00102489518587036	0.00123018042646255	293
matm_lag1	0.000389887352341056	0.000378201529404363	0.00109349371241115	294
Visa_fultimo_cierre_lag1	0.000388772930037909	0.00114951521770855	0.00150355385456534	295
canarito61	0.000385703517244261	0.000476160981318997	0.00164024056861673	296
Visa_fultimo_cierre_delta1	0.000385035153879982	0.000436900883473157	0.000956806998359759	297
Master_mpagospesos_delta1	0.000380488967369662	0.00089306822978062	0.00123018042646255	298
mtarjeta_visa_consumo_lag1	0.000378100420793178	0.00277927366054291	0.00136686714051394	299
canarito81	0.000374008548458772	0.000215739745452155	0.00136686714051394	300
canarito31	0.000371717068144987	0.00117072560616515	0.00150355385456534	301
mtarjeta_visa_debitos_automaticos	0.000370973249600909	0.0010968780316915	0.00123018042646255	302
mv_mpagospesos	0.000370609302078504	0.000212420672445199	0.000956806998359759	303
canarito37	0.000370517479553943	0.000152821352810527	0.00150355385456534	304
mvr_Master_mlimitecompra_lag1	0.00036791536522411	0.000313900789653547	0.00109349371241115	305
mtransferencias_recibidas_delta1	0.000365084180355141	0.000483850287113855	0.00123018042646255	306
canarito19	0.000364340017722374	0.000362138943984581	0.00150355385456534	307
canarito76	0.000362404301981488	0.000278175756550473	0.00150355385456534	308
Visa_mpagospesos_delta1	0.000355520507032482	0.000387712365504556	0.00136686714051394	309
canarito14	0.000353574234419283	0.000150524640686408	0.00136686714051394	310
canarito103	0.000352703655336905	0.000256079801977049	0.00150355385456534	311
canarito68	0.00035050626448493	0.000273675928721086	0.00123018042646255	312
mvr_Visa_mlimitecompra_lag1	0.000349952116879293	0.000142108162714321	0.00109349371241115	313
ccomisiones_otras_delta1	0.000349467660245031	0.00351057127992592	0.00136686714051394	314
Visa_mconsumospesos_delta1	0.000345927401115116	0.00203283502047958	0.00123018042646255	315
Master_mpagominimo_lag1	0.000342025465737297	0.00177800797057023	0.00109349371241115	316
mv_msaldopesos_delta1	0.000341174336340379	0.000124648830736298	0.000820120284308365	317
cprestamos_hipotecarios	0.00033824561100245	0.00640414056733527	0.00109349371241115	318
ccuenta_debitos_automaticos	0.000335573228846675	0.0029447953274191	0.00123018042646255	319
canarito74	0.000334639130703071	0.00102884783463569	0.00136686714051394	320
mv_mfinanciacion_limite_lag1	0.000334456548280784	0.000855096882625116	0.00123018042646255	321
Visa_cconsumos_lag1	0.00033286372703921	0.00117850850837886	0.00109349371241115	322
Master_mpagominimo_delta1	0.000321242954184575	0.000267851351578726	0.00109349371241115	323
mcuenta_debitos_automaticos_delta1	0.000320494804171113	0.00179964314277393	0.00109349371241115	324
ctarjeta_debito_trx_lag1	0.000320333338384953	0.000393385748431848	0.00109349371241115	325
mvr_mpagominimo_lag1	0.000320248892080953	0.000464951010230427	0.000956806998359759	326
mv_fultimo_cierre_delta1	0.000317190423620832	0.0011940815125308	0.000956806998359759	327
canarito7	0.000312388366688869	0.000221420328103974	0.00123018042646255	328
Visa_msaldototal	0.000311482443336779	0.000189381553958735	0.000820120284308365	329
mttarjeta_master_debitos_automaticos_lag1	0.000308142822610844	0.000975749866248918	0.000956806998359759	330
Master_mfinanciacion_limite_delta1	0.00030534446206795	0.0031011805438705	0.000956806998359759	331
canarito77	0.00030357521874823	0.000292272817174378	0.00123018042646255	332
ctarjeta_debito	0.000303467698261525	0.000400830263592787	0.00109349371241115	333
mv_msaldopesos_lag1	0.000302622804387791	0.000236460552640919	0.000820120284308365	334
Master_delinquency_lag1	0.000299940948227049	7.32427976133748e-05	0.000410060142154183	335
mautoservicio_delta1	0.000299506234094677	0.000514506714149906	0.000956806998359759	336
mprestamos_hipotecarios	0.000298850571651142	0.0104784502777269	0.00150355385456534	337
mcomisiones_mantenimiento_lag1	0.000298599997014665	0.00112562653172789	0.00109349371241115	338
Master_mlimitecompra_delta1	0.000298556612924776	0.00615340296095727	0.00136686714051394	339
mv_cconsumos_lag1	0.000296433188129279	0.00156806400336233	0.000956806998359759	340
mvr_msaldopesos2_lag1	0.000295660753839694	0.000217762868044248	0.00109349371241115	341
mautoservicio_lag1	0.000292774760558046	9.94497948917278e-05	0.000820120284308365	342
mvr_msaldopesos_delta1	0.000292116889007294	0.00018927355809083	0.000820120284308365	343
mcomisiones_otras_lag1	0.000289405793982452	0.000139581059405337	0.000820120284308365	344
mcomisiones_mantenimiento_delta1	0.000284526795638871	0.00047173315073488	0.000956806998359759	345
thomebanking_delta1	0.000281625032107538	0.000526191867057259	0.000820120284308365	346
canarito106	0.00027907094272765	0.000134735644798653	0.000956806998359759	347
ctarjeta_master_trx	0.000278379746621048	0.000320740527954216	0.000546746856205577	348
Master_cconsumos_lag1	0.000277313892870144	0.00172142533551238	0.00109349371241115	349
ctransferencias_recibidas_lag1	0.000276705393709079	0.000826326783415144	0.00123018042646255	350
canarito51	0.000269702957558245	0.000147133570434181	0.000820120284308365	351
Master_mlimitecompra_lag1	0.000268692027880084	0.000940132829013749	0.000956806998359759	352
Visa_msaldototal_delta1	0.00026618603573768	0.000153642121406608	0.000820120284308365	353
mforex_sell_delta1	0.000265296173231185	0.00169833581895423	0.00109349371241115	354
mforex_sell_lag1	0.000255642646496548	0.000202377056730006	0.000683433570256971	355
mvr_mconsumospesos	0.000252462616417991	0.000124828823849473	0.000820120284308365	356
mextraccion_autoservicio_lag1	0.000248823340707553	0.000135470016700409	0.000820120284308365	357
mv_fultimo_cierre_lag1	0.000246195078528822	0.000804626813690705	0.000956806998359759	358
matm	0.000243925920607328	0.000217381282644316	0.000683433570256971	359
Master_msaldototal_lag1	0.000240627226194929	0.000412069033579465	0.000820120284308365	360
ccajas_consultas	0.000234676212310552	0.00155022308598437	0.000683433570256971	361
ctarjeta_visa_trx_delta1	0.000234431891992019	0.000309674551356186	0.000820120284308365	362
mvr_mconsumosdolares_lag1	0.000229355258068861	0.00053020211361881	0.000956806998359759	363
canarito112	0.000228775071045636	0.000447066894505309	0.000820120284308365	364
Visa_mpagominimo_lag1	0.00022847922416873	5.22843995152195e-05	0.000683433570256971	365
Master_mpagado_delta1	0.000226890043327661	0.00171921502008259	0.000820120284308365	366
cprestamos_personales_lag1	0.000220889584766057	0.000409585128617643	0.000683433570256971	367
mvr_msaldodolares2_delta1	0.000213491166146678	0.00526476976148529	0.00109349371241115	368
Master_fultimo_cierre_delta1	0.000210412603196242	0.00173777590991325	0.000683433570256971	369
mpagomiscuentas_lag1	0.000209767202691858	0.00454851956636376	0.000956806998359759	370
mv_mpagado	0.000200685561479376	0.000698704466449187	0.000683433570256971	371
ctransferencias_recibidas	0.000200241221538203	0.000598556298278338	0.000546746856205577	372
Visa_msaldototal_lag1	0.000197456052025572	0.000142108162714321	0.000683433570256971	373
mcheques_depositados	0.000197283325286462	0.000924495027341062	0.000546746856205577	374
ctarjeta_visa_debitos_automaticos_delta1	0.000192382498997362	0.000490697225139051	0.000546746856205577	375
canarito53	0.000186817893819757	9.3430825187139e-05	0.000820120284308365	376
ctarjeta_debito_delta1	0.000184715964447097	0.00607196687683215	0.00109349371241115	377
Visa_status_delta1	0.000183751965285528	4.93181130100873e-06	0.000136686714051394	378
ctarjeta_debito_lag1	0.000182168295646493	0.00114631854001855	0.000683433570256971	379
Master_mconsumospesos_lag1	0.000180189048349137	0.000199367571877712	0.000683433570256971	380
Master_status_lag1	0.00017995835856911	0.00411326022008276	0.000820120284308365	381
catm_trx_other_lag1	0.000177041323572118	0.00311911505766731	0.000820120284308365	382
mv_mfinanciacion_limite	0.000176996923119419	0.000212190281260335	0.000683433570256971	383
mvr_mconsumosdolares	0.000176858386940885	0.00202636966785432	0.000683433570256971	384
mvr_msaldototal_delta1	0.000176239910653576	0.000383219737399696	0.000546746856205577	385
mtarjeta_master_consumo_delta1	0.000175347823136606	0.0016649938946696	0.000546746856205577	386
mvr_Master_mlimitecompra_delta1	0.00017333338192762	5.39763347790692e-05	0.000273373428102788	387
mvr_mpagosdolares	0.000171625924213922	0.00116016361028401	0.000546746856205577	388
canarito64	0.00017097279183428	9.86578251937556e-05	0.000683433570256971	389
mcaja_ahorro_adicional	0.000169305523101212	0.00108093784158868	0.000546746856205577	390
ccajas_trx_delta1	0.00016900101906854	0.000708568089051204	0.000546746856205577	391
matm_other_lag1	0.000166102762928638	0.00112453937332431	0.000546746856205577	392
mv_mconsumosdolares	0.000165883289283287	0.000349561025235877	0.000546746856205577	393
ctransferencias_recibidas_delta1	0.000165375515580185	7.30196061530372e-05	0.000546746856205577	394
Master_mlimitecompra	0.000164116671447013	0.000281451631210267	0.000683433570256971	395
ctarjeta_debito_trx_delta1	0.000163248816159136	0.00120020847810329	0.000683433570256971	396
mextraccion_autoservicio_delta1	0.000159427239947816	0.000231658336381397	0.000546746856205577	397
Visa_delinquency	0.000159390139090886	2.44790633918681e-05	0.000136686714051394	398
Visa_Fvencimiento_delta1	0.000158417614336874	0.00112708807580688	0.000546746856205577	399
Visa_mfinanciacion_limite_delta1	0.000157569265118737	0.000408685163051765	0.000410060142154183	400
tpaquete7	0.000156588988248955	0.000988601374529648	0.000546746856205577	401
mvr_mconsumospesos_lag1	0.000156117141453137	0.000310113734552334	0.000546746856205577	402
mvr_msaldopesos2_delta1	0.000154068934734308	0.000162756972657815	0.000546746856205577	403
mtarjeta_master_consumo_lag1	0.000153333990208617	9.00901530066017e-05	0.000410060142154183	404
Visa_mpagado	0.000152943145938402	0.000269132902544536	0.000546746856205577	405
Visa_mpagado_lag1	0.000152624008016171	0.000639486732214447	0.000546746856205577	406
Visa_mconsumosdolares_delta1	0.000152618499705638	0.000186840051200697	0.000546746856205577	407
mcomisiones_otras_delta1	0.000152287185670203	5.54378788580543e-05	0.000410060142154183	408
mvr_mpagospesos_lag1	0.000149858784081523	6.38327576565597e-05	0.000546746856205577	409
mv_mlimitecompra	0.000148763925678148	3.558823833706e-05	0.000546746856205577	410
mv_mconsumospesos	0.000147147530024093	0.000154614084217755	0.000546746856205577	411
mplazo_fijo_dolares_lag1	0.000146701692285096	0.000265842628435688	0.000273373428102788	412
Master_cconsumos_delta1	0.000146178018214739	0.000198611600802375	0.000546746856205577	413
minversion1_pesos_lag1	0.000145531297739878	0.00512659984808725	0.000820120284308365	414
tpaquete9_lag1	0.000144960441592291	0.00107458768455585	0.000546746856205577	415
mttarjeta_master_debitos_automaticos_delta1	0.000138355344024247	0.00105786272447958	0.000546746856205577	416
mvr_msaldototal_lag1	0.000137299173912176	0.000713708692363496	0.000546746856205577	417
mvr_msaldototal	0.000137129966130503	0.000437167273280657	0.000546746856205577	418
Master_mconsumospesos	0.000136419923216524	5.56610703183919e-05	0.000410060142154183	419
ccomisiones_mantenimiento_lag1	0.000135073082015396	9.46835772548405e-05	0.000410060142154183	420
ccajas_otras	0.00013234639745972	0.00282524390164793	0.000546746856205577	421
Master_mconsumosdolares	0.000130270685331996	0.000605511232171439	0.000273373428102788	422
Visa_msaldodolares_lag1	0.000129809476370535	0.000235258198644907	0.000410060142154183	423
ccuenta_debitos_automaticos_lag1	0.000128357153191325	0.000391175433002053	0.000410060142154183	424
minversion2	0.000127223496619586	0.00451588321508278	0.000683433570256971	425
Visa_fechaalta_delta1	0.000127222409414987	9.33660276663958e-05	0.000273373428102788	426
ccajas_otras_delta1	0.000126282425619893	0.00175619280525336	0.000410060142154183	427
ctarjeta_visa_debitos_automaticos	0.000125238197409397	0.000357941504585328	0.000410060142154183	428
Visa_delinquency_lag1	0.000124683705715071	4.44798981279298e-05	0.000273373428102788	429
tcallcenter_lag1	0.000124173138821431	3.43138870957775e-05	0.000273373428102788	430
mv_mconsumosdolares_lag1	0.000123509744502638	3.47242713938176e-05	0.000410060142154183	431
mv_mconsumosdolares_delta1	0.000120134974683349	0.000207661654532839	0.000410060142154183	432
mttarjeta_master_debitos_automaticos	0.0001192106917419	7.77138265446543e-05	0.000410060142154183	433
Visa_mconsumosdolares_lag1	0.000119111761906425	9.40931998436249e-05	0.000410060142154183	434
active_quarter_delta1	0.000115919648242713	0.00105424126304249	0.000546746856205577	435
ccheques_depositados_delta1	0.000113277080359855	0.00434252104819666	0.000683433570256971	436
mv_msaldototal_delta1	0.00011244680447242	0.000120026607589951	0.000273373428102788	437
Master_mconsumospesos_delta1	0.000112226450364834	0.00269430251167502	0.000546746856205577	438
ccheques_depositados_lag1	0.000110776256776547	0.00120055406488059	0.000410060142154183	439
mvr_mpagado	0.000109132143188229	0.000534032367067184	0.000410060142154183	440
Visa_delinquency_delta1	0.00010879677237606	7.67490634580336e-06	0.000136686714051394	441
mv_mconsumospesos_delta1	0.000108620292467882	0.000330013773145017	0.000410060142154183	442
Master_msaldototal_delta1	0.000108505491180168	0.00015218777705215	0.000410060142154183	443
Master_delinquency	0.000101674165419054	0.000136341183368178	0.000273373428102788	444
mv_msaldodolares	0.000100902524846656	0.000429319573546205	0.000273373428102788	445
cseguro_auto	0.00010000621429161	0.000313209616098953	0.000273373428102788	446
ccajas_extracciones	9.95893407240622e-05	0.00083399449003642	0.000410060142154183	447
mvr_mconsumosdolares_delta1	9.85051606360672e-05	2.47382534748409e-05	0.000273373428102788	448
mvr_mpagado_delta1	9.8293527297283e-05	0.000384407691946654	0.000410060142154183	449
mv_mconsumospesos_lag1	9.75515491939688e-05	0.000148357523603775	0.000410060142154183	450
mvr_mpagosdolares_lag1	9.7351023558551e-05	0.000421716664445672	0.000410060142154183	451
mvr_msaldodolares_delta1	9.50620646341543e-05	0.000708841678583231	0.000410060142154183	452
Master_mpagosdolares	9.50567688489883e-05	0.00102553596135326	0.000273373428102788	453
mcaja_ahorro_adicional_lag1	9.26960414093229e-05	0.000227172908001063	0.000273373428102788	454
catm_trx_lag1	8.92147573458821e-05	6.88581653764196e-05	0.000273373428102788	455
mvr_msaldodolares	8.90457259458063e-05	9.24156640288292e-05	0.000273373428102788	456
matm_other_delta1	8.85482373138682e-05	0.000153800515346202	0.000273373428102788	457
Master_Fvencimiento_delta1	8.75506548070575e-05	0.000163836931336868	0.000410060142154183	458
mforex_sell	8.6845377087702e-05	0.000197070859753592	0.000273373428102788	459
minversion2_delta1	8.43346024016643e-05	0.00302541064294814	0.000410060142154183	460
Visa_mpagado_delta1	8.24240456161317e-05	8.22424532721499e-05	0.000273373428102788	461
tpaquete7_delta1	8.16805653777404e-05	0.00154030186558614	0.000273373428102788	462
ccajas_depositos_lag1	8.01428706140212e-05	0.000237468514074702	0.000273373428102788	463
ccaja_ahorro_lag1	7.91963288933157e-05	7.66914656618174e-05	0.000273373428102788	464
cpagomiscuentas_delta1	7.80868886474115e-05	0.000541246491043258	0.000273373428102788	465
ctarjeta_master_trx_delta1	7.74795894595071e-05	0.000169092730241593	0.000273373428102788	466
mv_mpagado_delta1	7.70308399784068e-05	0.000521706438676926	0.000273373428102788	467
Visa_Finiciomora_lag1	7.65649554588713e-05	0.00018772561731752	0.000410060142154183	468
mvr_msaldodolares2	7.58065030252356e-05	0.0010388698511773	0.000273373428102788	469
cpagomiscuentas	7.51365999363589e-05	4.24351763622561e-05	0.000273373428102788	470
mv_status04_lag1	7.44717656497733e-05	4.00016694721233e-05	0.000273373428102788	471
mv_mpagado_lag1	7.38333799282514e-05	0.00032660110371921	0.000273373428102788	472
mv_fechaalta_delta1	7.33733044354146e-05	4.77053747160348e-05	0.000273373428102788	473
mv_status02	7.33459913113748e-05	4.04624518418526e-06	0.000136686714051394	474
cplazo_fijo_delta1	7.26914796854733e-05	0.000120494589684207	0.000273373428102788	475
cpagomiscuentas_lag1	7.13273559793297e-05	0.000617642767999468	0.000273373428102788	476
mv_status06	6.95502246432667e-05	8.21992549249878e-05	0.000136686714051394	477
mv_mpagosdolares_delta1	6.92232030419449e-05	3.2693949077198e-05	0.000273373428102788	478
catm_trx_other	6.87411449082535e-05	0.000736236630408542	0.000273373428102788	479
ctransferencias_emitidas_delta1	6.82327148342906e-05	9.33948265645039e-05	0.000273373428102788	480
mcaja_ahorro_adicional_delta1	6.73438643533523e-05	0.000393968926118536	0.000273373428102788	481
Master_fechaalta_delta1	6.69575076936082e-05	3.85905234648274e-06	0.000136686714051394	482
mpagomiscuentas_delta1	6.35641281700713e-05	0.00115801089265043	0.000273373428102788	483
cforex_buy_delta1	6.18272349701651e-05	0.0026230468380311	0.000410060142154183	484
Visa_mpagosdolares_lag1	6.03341878825309e-05	2.85109091269993e-05	0.000136686714051394	485
Master_mpagosdolares_delta1	5.81651742271811e-05	0.000125944781151162	0.000136686714051394	486
Master_msaldopesos_delta1	5.77607601399938e-05	0.00163262393319612	0.000273373428102788	487
ccajas_consultas_lag1	5.61911229581858e-05	4.17296033586081e-05	0.000136686714051394	488
active_quarter	5.45895896223145e-05	0.000107599883056314	0.000273373428102788	489
matm_delta1	5.4043940139857e-05	3.32555275903056e-05	0.000273373428102788	490
tcallcenter_delta1	5.34374794874144e-05	0.000155708442345862	0.000273373428102788	491
ccajas_trx	5.29208187541693e-05	8.17096736571504e-05	0.000273373428102788	492
catm_trx_delta1	5.27078235181352e-05	0.000173016580108819	0.000273373428102788	493
cpayroll_trx_delta1	5.16689763921025e-05	0.00013609639273426	0.000136686714051394	494
cseguro_vida	5.13887002512707e-05	0.00299304068147466	0.000410060142154183	495
mvr_mconsumospesos_delta1	5.12729621170404e-05	8.69798720109291e-05	0.000136686714051394	496
catm_trx_other_delta1	4.94284906003972e-05	1.81721047061986e-05	0.000136686714051394	497
minversion1_pesos_delta1	4.75623689655824e-05	4.46382920675242e-05	0.000273373428102788	498
Master_cconsumos	4.73291303269015e-05	0.00039391132832232	0.000136686714051394	499
ccajas_depositos	4.6422874452129e-05	0.00179455293753333	0.000273373428102788	500
cseguro_accidentes_personales	4.54869286390081e-05	1.6897753464916e-05	0.000136686714051394	501
mv_mlimitecompra_lag1	4.22090935190948e-05	6.97653306668242e-06	0.000136686714051394	502
ccheques_emitidos_lag1	4.13913190387939e-05	0.000325909930164616	0.000136686714051394	503
mvr_madelantopesos_lag1	4.05733739598991e-05	0.000285627471435939	0.000136686714051394	504
mextraccion_autoservicio	4.01132030475097e-05	4.79501653499535e-06	0.000136686714051394	505
mvr_msaldodolares2_lag1	3.97670845239223e-05	4.08224380682036e-05	0.000136686714051394	506
cinversion1	3.94507412379805e-05	0.00199973068710434	0.000273373428102788	507
cextraccion_autoservicio_lag1	3.68791973087307e-05	1.01804104812063e-05	0.000136686714051394	508
ccajas_extracciones_lag1	3.62823104180598e-05	0.000251140790951513	0.000136686714051394	509
Master_mpagado	3.58752188003981e-05	2.27367300563293e-05	0.000136686714051394	510
Master_msaldodolares_lag1	3.5212862530677e-05	1.31538967108656e-05	0.000136686714051394	511
mv_mpagosdolares	3.47885404550275e-05	6.0362490434536e-05	0.000136686714051394	512
mv_Fvencimiento_delta1	3.36566795057774e-05	0.000147673549773708	0.000136686714051394	513
mtarjeta_visa_descuentos_lag1	3.35234420039113e-05	2.56958168369345e-05	0.000136686714051394	514
Master_msaldopesos_lag1	3.18708187264077e-05	0.000120775378940761	0.000136686714051394	515
ccheques_emitidos	3.18310519050104e-05	0.000198273213749605	0.000136686714051394	516
cextraccion_autoservicio_delta1	3.14256460327769e-05	1.6904953189443e-05	0.000136686714051394	517
Master_mpagado_lag1	3.05733788299829e-05	9.47051764284216e-05	0.000136686714051394	518
mvr_mpagosdolares_delta1	3.01826502198314e-05	2.95044711117281e-05	0.000136686714051394	519
cseguro_auto_lag1	3.00925972942445e-05	0.000405877270486228	0.000136686714051394	520
ctarjeta_master_debitos_automaticos_lag1	3.00500980038426e-05	0.000322994041731173	0.000136686714051394	521
mtarjeta_visa_descuentos_delta1	2.9209356326395e-05	0.000296693448033969	0.000136686714051394	522
Visa_mpagosdolares	2.82825751275704e-05	1.02092093793144e-05	0.000136686714051394	523
cseguro_vivienda_lag1	2.71095044976286e-05	2.87700992099721e-05	0.000136686714051394	524
mv_msaldodolares_delta1	2.66303740092993e-05	1.15627575903942e-05	0.000136686714051394	525
ctarjeta_visa_descuentos_delta1	2.57151732743515e-05	0.00054392478856731	0.000136686714051394	526
cinversion1_lag1	2.502572074321e-05	0.000176947629700571	0.000136686714051394	527
mforex_buy_delta1	2.44304126124084e-05	4.58622452371176e-06	0.000136686714051394	528
mcheques_depositados_delta1	2.41291036889951e-05	0.00103419003023474	0.000136686714051394	529
mv_status03_delta1	2.15416695127455e-05	6.99021254328375e-05	0.000136686714051394	530
cliente_vip_lag1	1.76574315704214e-05	0.000976966619693984	0.000136686714051394	531
mcheques_emitidos_delta1	1.67459594267766e-05	0.00102117292828989	0.000136686714051394	532
