fecha	gamma	alpha	lambda	subsample	tree_method	grow_policy	max_bin	max_leaves	scale_pos_weight	eta	colsample_bytree	min_child_weight	max_depth	prob_corte	nrounds	ganancia	iteracion
20220604 233843	0	0	0	1	auto	depthwise	256	0	1	0.18175805015571	0.752236697664485	1	10	0.0331838518798274	14	6727000	1
20220604 234535	0	0	0	1	auto	depthwise	256	0	1	0.0779106790598016	0.699294983837754	5	11	0.0193087709301229	44	12768000	2
20220604 234746	0	0	0	1	auto	depthwise	256	0	1	0.16375099070475	0.296469302522019	5	8	0.024107625130758	44	10708000	3
20220604 235247	0	0	0	1	auto	depthwise	256	0	1	0.091115453226841	0.531047242963687	3	12	0.0256832531832818	27	10010000	4
20220604 235638	0	0	0	1	auto	depthwise	256	0	1	0.225037980751134	0.48046365137212	4	25	0.036137746386036	12	7063000	5
20220605 000228	0	0	0	1	auto	depthwise	256	0	1	0.135971588692861	0.667520278263837	9	19	0.0410265567261376	34	7763000	6
20220605 000646	0	0	0	1	auto	depthwise	256	0	1	0.099996740445029	0.360912954229862	6	14	0.0131686414189365	51	12400000	7
20220605 003144	0	0	0	1	auto	depthwise	256	0	1	0.0269866592577891	0.998297613775358	8	15	0.03952098681184	143	9138000	8
20220605 003345	0	0	0	1	auto	depthwise	256	0	1	0.191960367468302	0.573471751483157	4	4	0.0215000851579437	47	11005000	9
20220605 003728	0	0	0	1	auto	depthwise	256	0	1	0.124721586023807	0.341254151714966	7	26	0.0272658248436831	27	9569000	10
20220605 003926	0	0	0	1	auto	depthwise	256	0	1	0.229266080524772	0.251266971193254	9	21	0.043867985366281	18	6636000	11
20220605 010704	0	0	0	1	auto	depthwise	256	0	1	0.010846808578237	0.933450173875317	2	7	0.0124545114367114	169	13316000	12
20220605 011010	0	0	0	1	auto	depthwise	256	0	1	0.153552941809408	0.407365528168157	0	20	0.015019839949673	2	4286000	13
20220605 011153	0	0	0	1	auto	depthwise	256	0	1	0.265193241170724	0.876962922420353	8	2	0.0167478936671008	55	12431000	14
20220605 011733	0	0	0	1	auto	depthwise	256	0	1	0.244439825069276	0.908190992642194	10	22	0.0461915858114177	20	6575000	15
20220605 012241	0	0	0	1	auto	depthwise	256	0	1	0.211295145480777	0.762306346613914	10	24	0.00999172890587943	21	11858000	16
20220605 012418	0	0	0	1	auto	depthwise	256	0	1	0.285863334823516	0.206349286343902	2	17	0.0420507462331443	2	6056000	17
20220605 013211	0	0	0	1	auto	depthwise	256	0	1	0.0625443205853226	0.47116707152687	0	28	0.0488594307321667	2	581000	18
20220605 013725	0	0	0	1	auto	depthwise	256	0	1	0.278282387341955	0.822016183175147	3	30	0.035146252065897	1	8788000	19
20220605 014253	0	0	0	1	auto	depthwise	256	0	1	0.0444667993147159	0.637455413062125	7	5	0.0299129280062819	101	11584000	20
20220605 015934	0	0	0	1	auto	depthwise	256	0	1	0.0110996861245026	0.989826990844245	5	5	0.00833689841622796	39	11958000	21
20220605 020700	0	0	0	1	auto	depthwise	256	0	1	0.0452188005690667	0.678375446581375	8	8	0.0117913573095351	70	13686000	22
20220605 021252	0	0	0	1	auto	depthwise	256	0	1	0.103647300760239	0.729833137845807	7	11	0.00968347856601782	37	12700000	23
20220605 022659	0	0	0	1	auto	depthwise	256	0	1	0.0100753500246718	0.317247033771868	9	2	0.0141725415287711	1813	13700000	24
20220605 025412	0	0	0	1	auto	depthwise	256	0	1	0.0101321463371603	0.664713145856622	9	8	0.0160499238693227	339	13504000	25
20220605 030448	0	0	0	1	auto	depthwise	256	0	1	0.0155200896164969	0.467301453585711	8	2	0.0147733217238333	1016	13460000	26
20220605 030725	0	0	0	1	auto	depthwise	256	0	1	0.0595677752574715	0.200459157134185	9	8	0.0123009037330733	70	12825000	27
20220605 031222	0	0	0	1	auto	depthwise	256	0	1	0.0397328950351981	0.619542003424984	10	2	0.00835025957975027	362	11496000	28
20220605 034656	0	0	0	1	auto	depthwise	256	0	1	0.0101983126844945	0.72749379427331	8	14	0.0143014370379067	201	13441000	29
20220605 041422	0	0	0	1	auto	depthwise	256	0	1	0.0100151180646222	0.896692256441972	3	3	0.0160513698799444	992	13812000	30
20220605 044829	0	0	0	1	auto	depthwise	256	0	1	0.0122721663905333	0.999188946794534	3	9	0.0166936292450139	188	13106000	31
20220605 050915	0	0	0	1	auto	depthwise	256	0	1	0.0102351742441719	0.792838819340678	3	4	0.0118656476851675	439	13381000	32
20220605 052257	0	0	0	1	auto	depthwise	256	0	1	0.010026316156005	0.326375666716867	8	6	0.0137901374322932	405	13876000	33
20220605 053006	0	0	0	1	auto	depthwise	256	0	1	0.0401486835698285	0.799176553889472	8	4	0.016469139768294	170	14128000	34
20220605 053846	0	0	0	1	auto	depthwise	256	0	1	0.0100604646380232	0.254252632804432	6	2	0.0143525976669504	1089	13640000	35
20220605 060519	0	0	0	1	auto	depthwise	256	0	1	0.0100252313507894	0.789478298198946	6	2	0.0170530986969012	1844	13280000	36
20220605 061204	0	0	0	1	auto	depthwise	256	0	1	0.0637998191112264	0.866891846775134	8	7	0.0158185694710883	57	13144000	37
20220605 061928	0	0	0	1	auto	depthwise	256	0	1	0.0298802188564746	0.738438619045343	8	2	0.0172358159668902	483	13210000	38
20220605 063312	0	0	0	1	auto	depthwise	256	0	1	0.0100948419871433	0.276883059791389	7	4	0.0161428183871617	906	13950000	39
20220605 064138	0	0	0	1	auto	depthwise	256	0	1	0.0430372775217695	0.83352933915961	4	4	0.0156008739451761	212	13877000	40
20220605 070703	0	0	0	1	auto	depthwise	256	0	1	0.0102182354602871	0.547076677630329	7	11	0.0144689304813743	222	13359000	41
20220605 072436	0	0	0	1	auto	depthwise	256	0	1	0.0104528942962065	0.73420609988037	9	4	0.0140005225879464	381	13802000	42
20220605 072625	0	0	0	1	auto	depthwise	256	0	1	0.0818852931952	0.343787055612428	8	4	0.0134291617260983	40	13490000	43
20220605 073201	0	0	0	1	auto	depthwise	256	0	1	0.299966218198034	0.999562064242534	8	30	0.0157770650076876	7	11804000	44
20220605 073418	0	0	0	1	auto	depthwise	256	0	1	0.11700237274329	0.372165452094847	9	4	0.0195032527775366	104	12992000	45
20220605 073745	0	0	0	1	auto	depthwise	256	0	1	0.299976519558874	0.667845953146622	10	15	0.0131178807599454	13	11758000	46
20220605 084821	0	0	0	1	auto	depthwise	256	0	1	0.0100674793307827	0.906738376617401	4	30	0.0130217549226951	210	13190000	47
20220605 094549	0	0	0	1	auto	depthwise	256	0	1	0.0100554930705899	0.742989513329289	8	30	0.00957748921432375	366	12985000	48
20220605 100118	0	0	0	1	auto	depthwise	256	0	1	0.0421995526762996	0.803227064457573	8	30	0.0143676360792029	59	13303000	49
20220605 101054	0	0	0	1	auto	depthwise	256	0	1	0.0306062376506461	0.796710824501824	8	6	0.013414912545116	110	13509000	50
20220605 104704	0	0	0	1	auto	depthwise	256	0	1	0.014823941268203	0.997999124334004	10	27	0.0127507593862062	112	13165000	51
20220605 104749	0	0	0	1	auto	depthwise	256	0	1	0.21037913227948	0.200389511900836	10	2	0.0169312078699415	50	13195000	52
20220605 105040	0	0	0	1	auto	depthwise	256	0	1	0.0441561098293083	0.255729626479877	7	5	0.0161819464471322	95	13622000	53
20220605 111919	0	0	0	1	auto	depthwise	256	0	1	0.0100594296109745	0.620140667119114	5	8	0.0134060796053659	378	13713000	54
20220605 112943	0	0	0	1	auto	depthwise	256	0	1	0.0438349125657683	0.72761444058076	9	18	0.0136133008833589	32	13069000	55
20220605 123104	0	0	0	1	auto	depthwise	256	0	1	0.0101891710126305	0.999820420425022	6	26	0.0179194482496011	157	12472000	56
20220605 125439	0	0	0	1	auto	depthwise	256	0	1	0.0100297626637653	0.91932044172306	6	4	0.0184639753935571	446	13444000	57
20220605 131100	0	0	0	1	auto	depthwise	256	0	1	0.0132133468447834	0.67393500247258	8	4	0.0160844776115457	474	14012000	58
20220605 131222	0	0	0	1	auto	depthwise	256	0	1	0.243120048416066	0.330438818250712	10	5	0.0083496663068938	24	11660000	59
20220605 132245	0	0	0	1	auto	depthwise	256	0	1	0.0266969138690156	0.999538894710246	0	3	0.01554810449708	272	13358000	60
20220605 134624	0	0	0	1	auto	depthwise	256	0	1	0.0387175408954444	0.999898425040717	7	30	0.0110828155720294	89	13012000	61
20220605 143840	0	0	0	1	auto	depthwise	256	0	1	0.0100983778719531	0.924952852034124	10	30	0.0219396990341023	221	12733000	62
20220605 145025	0	0	0	1	auto	depthwise	256	0	1	0.010823322471183	0.218291132689842	10	3	0.0160551736814343	1293	14054000	63
20220605 151526	0	0	0	1	auto	depthwise	256	0	1	0.0100130277899334	0.488825139911415	10	16	0.00838677788189414	193	12181000	64
20220605 152036	0	0	0	1	auto	depthwise	256	0	1	0.010945566766605	0.200198741812198	10	2	0.0443889557842747	578	8512000	65
20220605 161126	0	0	0	1	auto	depthwise	256	0	1	0.0100282927208803	0.965212339870724	5	16	0.0121460300235131	158	13173000	66
20220605 161439	0	0	0	1	auto	depthwise	256	0	1	0.218865944938336	0.729135725962502	10	9	0.0193047089009051	12	12198000	67
20220605 161532	0	0	0	1	auto	depthwise	256	0	1	0.299202533263205	0.220402598654076	10	2	0.0223870888110843	103	12101000	68
20220605 162048	0	0	0	1	auto	depthwise	256	0	1	0.0434678495941205	0.20088161025436	10	30	0.0125821553844108	125	13320000	69
20220605 163947	0	0	0	1	auto	depthwise	256	0	1	0.0385215339347928	0.999711743351546	10	17	0.0198363004476351	105	12853000	70
20220605 164606	0	0	0	1	auto	depthwise	256	0	1	0.040122568321838	0.766355696496961	10	4	0.0164161524405813	138	13976000	71
20220605 174842	0	0	0	1	auto	depthwise	256	0	1	0.01172144466597	0.998952236537083	10	18	0.0113756607568743	443	13162000	72
20220605 175641	0	0	0	1	auto	depthwise	256	0	1	0.0951298869995244	0.853420214286483	10	30	0.0121132654484715	21	13147000	73
20220605 175817	0	0	0	1	auto	depthwise	256	0	1	0.251561131691699	0.200768160881647	10	30	0.0120331659660613	17	11596000	74
20220605 183032	0	0	0	1	auto	depthwise	256	0	1	0.0100385697748607	0.451680461759066	10	30	0.0167258827589875	366	13399000	75
20220605 192110	0	0	0	1	auto	depthwise	256	0	1	0.0100444632533221	0.915123837764903	10	23	0.0138896418681466	220	13218000	76
20220605 193131	0	0	0	1	auto	depthwise	256	0	1	0.010725788569078	0.231781013808685	0	2	0.015512949955351	1456	13218000	77
20220605 194800	0	0	0	1	auto	depthwise	256	0	1	0.0104001102217758	0.340334330867405	10	4	0.0159028391634914	1010	13961000	78
20220605 201710	0	0	0	1	auto	depthwise	256	0	1	0.0100215429820605	0.479071042363849	10	25	0.0124051193044203	246	13697000	79
20220605 205453	0	0	0	1	auto	depthwise	256	0	1	0.0101502437082734	0.778548772642968	4	9	0.0115604473879037	350	13433000	80
20220605 212327	0	0	0	1	auto	depthwise	256	0	1	0.0101685403869065	0.406224595387442	10	28	0.0123984781951938	343	13365000	81
20220605 214711	0	0	0	1	auto	depthwise	256	0	1	0.0104404068835075	0.257362816493293	10	25	0.0165584200151421	551	13025000	82
20220605 222945	0	0	0	1	auto	depthwise	256	0	1	0.0101886017668316	0.818608020173693	10	25	0.00833425850900501	171	12098000	83
20220605 223548	0	0	0	1	auto	depthwise	256	0	1	0.0237945734118875	0.311825878294908	9	3	0.0163205709414024	455	13790000	84
20220605 224153	0	0	0	1	auto	depthwise	256	0	1	0.217099152609748	0.99994213204782	10	30	0.0207904897401768	12	11681000	85
20220605 225859	0	0	0	1	auto	depthwise	256	0	1	0.0105025900230785	0.237520616997101	10	14	0.0210403330932089	410	12615000	86
20220605 230539	0	0	0	1	auto	depthwise	256	0	1	0.0436293196047643	0.655603792423207	8	5	0.0161657517425216	141	13599000	87
20220605 233022	0	0	0	1	auto	depthwise	256	0	1	0.0100260368241042	0.851865273332353	10	4	0.025127423664347	590	12277000	88
20220605 235621	0	0	0	1	auto	depthwise	256	0	1	0.0101691790028632	0.831622711456171	7	4	0.0157832026799526	660	1.4e+07	89
20220606 001105	0	0	0	1	auto	depthwise	256	0	1	0.0100368475891825	0.205406139894177	2	6	0.0142038440822636	742	13347000	90
20220606 001537	0	0	0	1	auto	depthwise	256	0	1	0.0865264385742388	0.999807053617327	10	4	0.0196059464431969	68	13496000	91
20220606 004940	0	0	0	1	auto	depthwise	256	0	1	0.0100702366839169	0.602163383807603	8	13	0.0122709181624546	321	13762000	92
20220606 013047	0	0	0	1	auto	depthwise	256	0	1	0.0103520420303648	0.945467204685767	8	12	0.0199793037370572	206	12400000	93
20220606 021333	0	0	0	1	auto	depthwise	256	0	1	0.0100534927028491	0.736180708117092	10	25	0.0194182093915297	232	12927000	94
20220606 024631	0	0	0	1	auto	depthwise	256	0	1	0.0100375230141502	0.415687170291091	6	30	0.0123649610738729	243	13477000	95
20220606 025449	0	0	0	1	auto	depthwise	256	0	1	0.0395809922559737	0.978728939475477	9	4	0.0164610952479634	159	14118000	96
20220606 025834	0	0	0	1	auto	depthwise	256	0	1	0.0794461791785661	0.251858627973904	10	30	0.0198180380006864	56	12135000	97
20220606 034211	0	0	0	1	auto	depthwise	256	0	1	0.0104793233767857	0.807600710576764	10	16	0.0127291687192308	298	13359000	98
20220606 035020	0	0	0	1	auto	depthwise	256	0	1	0.0821691233369018	0.960715381111724	9	13	0.0117230097023857	27	12854000	99
20220606 040905	0	0	0	1	auto	depthwise	256	0	1	0.0101139506876926	0.812531106713433	2	4	0.0163906064171652	320	13510000	100
20220606 041928	0	0	0	1	auto	depthwise	256	0	1	0.0102572132892383	0.20022288592409	10	6	0.0288476637648825	470	12125000	101
20220606 042729	0	0	0	1	auto	depthwise	256	0	1	0.0370103935624846	0.998970062268653	8	4	0.016368157166991	131	13810000	102
20220606 043647	0	0	0	1	auto	depthwise	256	0	1	0.0104259716170147	0.208702411040209	7	4	0.0121519746671839	651	13659000	103
20220606 044322	0	0	0	1	auto	depthwise	256	0	1	0.0440337401149686	0.89975228324883	10	4	0.0197290040033058	123	13187000	104
20220606 044635	0	0	0	1	auto	depthwise	256	0	1	0.0981416400006479	0.835916035902687	9	2	0.0164399395243045	171	13309000	105
20220606 050428	0	0	0	1	auto	depthwise	256	0	1	0.0101150808358162	0.202796474754197	4	4	0.0155250491167295	1695	13748000	106
20220606 050731	0	0	0	1	auto	depthwise	256	0	1	0.18580991075043	0.998163949241988	10	4	0.0165784004274308	40	13035000	107
20220606 051515	0	0	0	1	auto	depthwise	256	0	1	0.0560287060419433	0.999578232224476	10	4	0.0312004592840603	174	11529000	108
20220606 051623	0	0	0	1	auto	depthwise	256	0	1	0.299773905092281	0.200731938395457	0	2	0.011320596398306	119	11815000	109
20220606 052825	0	0	0	1	auto	depthwise	256	0	1	0.0449139746302503	0.759013700019286	10	16	0.0279109956517156	78	10869000	110
20220606 053913	0	0	0	1	auto	depthwise	256	0	1	0.0100368431896845	0.200027811772198	0	2	0.00835041486333348	1662	11750000	111
20220606 061645	0	0	0	1	auto	depthwise	256	0	1	0.0103126748550657	0.595095387287603	9	30	0.0126464532376856	243	13618000	112
20220606 064637	0	0	0	1	auto	depthwise	256	0	1	0.0101213561612425	0.440938029045297	6	7	0.0119290170630854	882	13617000	113
20220606 073010	0	0	0	1	auto	depthwise	256	0	1	0.010189898680848	0.678107398669324	7	24	0.011693009673216	208	13544000	114
20220606 074231	0	0	0	1	auto	depthwise	256	0	1	0.0101841033229936	0.200987748498263	8	4	0.0180906885094104	1067	13312000	115
20220606 080500	0	0	0	1	auto	depthwise	256	0	1	0.0100775230710063	0.203257098401185	8	24	0.0112707613976263	554	13085000	116
20220606 080855	0	0	0	1	auto	depthwise	256	0	1	0.0406206899179943	0.232230397114996	0	8	0.0117262651815192	49	10685000	117
20220606 081155	0	0	0	1	auto	depthwise	256	0	1	0.289001915903138	0.994594584019218	9	4	0.0272184992486479	51	10689000	118
20220606 082026	0	0	0	1	auto	depthwise	256	0	1	0.0106586958989853	0.23253614628668	2	2	0.0137571020647681	1130	13375000	119
20220606 082238	0	0	0	1	auto	depthwise	256	0	1	0.299486206613661	0.982786328065961	0	2	0.00890231230173055	81	11962000	120
