fecha	gamma	alpha	lambda	subsample	tree_method	grow_policy	max_bin	max_depth	scale_pos_weight	eta	colsample_bytree	min_child_weight	max_leaves	prob_corte	nrounds	ganancia	iteracion
20220426 115938	0	0	0	1	hist	lossguide	256	0	1	0.107253132812795	0.40841709506698	10	703	0.0455510726484742	42	7255000	1
20220426 120018	0	0	0	1	hist	lossguide	256	0	1	0.0780396029242547	0.754766730833799	5	442	0.0214332764512316	24	10716000	2
20220426 120045	0	0	0	1	hist	lossguide	256	0	1	0.142940565689001	0.786612482536584	9	535	0.0374860200735081	26	8564000	3
20220426 120109	0	0	0	1	hist	lossguide	256	0	1	0.264558034148649	0.444273635270074	4	290	0.040453093709948	8	7272000	4
20220426 120139	0	0	0	1	hist	lossguide	256	0	1	0.179545114900684	0.647616564184427	3	600	0.042263310799899	8	6410000	5
20220426 120207	0	0	0	1	hist	lossguide	256	0	1	0.23491577003256	0.683776189181954	2	826	0.0305702556894782	7	7488000	6
20220426 120237	0	0	0	1	hist	lossguide	256	0	1	0.116628406433272	0.358328379839659	6	49	0.0169247733846229	23	12317000	7
20220426 120302	0	0	0	1	hist	lossguide	256	0	1	0.157357429142226	0.499523922083899	7	208	0.0462174653963302	17	6904000	8
20220426 120454	0	0	0	1	hist	lossguide	256	0	1	0.0492741289456608	0.951954369638115	0	191	0.0149497157845569	42	1117000	9
20220426 120527	0	0	0	1	hist	lossguide	256	0	1	0.0833540350483963	0.542240798864514	8	804	0.0196472049249375	28	12325000	10
20220426 120552	0	0	0	1	hist	lossguide	256	0	1	0.208980691424804	0.619373163329437	5	392	0.025230888153601	10	9953000	11
20220426 120735	0	0	0	1	hist	lossguide	256	0	1	0.0241384695168817	0.900199789982289	4	622	0.0276415576183354	74	10397000	12
20220426 120808	0	0	0	1	hist	lossguide	256	0	1	0.248299488205346	0.309730556355789	1	1019	0.0137133433944352	8	7659000	13
20220426 120833	0	0	0	1	hist	lossguide	256	0	1	0.226195928012603	0.963576510641724	3	768	0.00937049255492942	2	9176000	14
20220426 120858	0	0	0	1	hist	lossguide	256	0	1	0.137974129685434	0.872683698767796	10	134	0.0328714462234833	16	10424000	15
20220426 121003	0	0	0	1	hist	lossguide	256	0	1	0.0644215553475078	0.370779767148197	1	943	0.0339685206995152	23	5529000	16
20220426 121026	0	0	0	1	hist	lossguide	256	0	1	0.189121417579241	0.216853072689846	9	476	0.0485829560949545	20	6747000	17
20220426 121047	0	0	0	1	hist	lossguide	256	0	1	0.29848676632368	0.248905619196594	6	319	0.0112824412630289	7	10648000	18
20220426 121106	0	0	0	1	hist	lossguide	256	0	1	0.282622351200087	0.838845615163446	8	878	0.0387427949036161	6	8065000	19
20220426 121211	0	0	0	1	hist	lossguide	256	0	1	0.0359808382148622	0.585140472389758	0	82	0.0240614356443984	35	1344000	20
20220426 121554	0	0	0	1	hist	lossguide	256	0	1	0.0143204677052736	0.345045324594353	8	2	0.014184587112138	2014	13123000	21
20220426 121822	0	0	0	1	hist	lossguide	256	0	1	0.0100423925293	0.201976043708933	7	1024	0.0098548850003163	64	12777000	22
20220426 121915	0	0	0	1	hist	lossguide	256	0	1	0.0864086728436502	0.450490207004847	10	2	0.00840560458894084	442	10702000	23
20220426 122255	0	0	0	1	hist	lossguide	256	0	1	0.0100074348449324	0.202383346039097	7	45	0.0181892245319453	461	12970000	24
20220426 122555	0	0	0	1	hist	lossguide	256	0	1	0.0100635982298538	0.982563458766949	7	1023	0.0143624583942853	173	13107000	25
20220426 122943	0	0	0	1	hist	lossguide	256	0	1	0.0100550967304931	0.563049170772999	6	982	0.0151439618668714	376	12970000	26
20220426 123358	0	0	0	1	hist	lossguide	256	0	1	0.0102293879809673	0.998296609687359	8	2	0.016570927171987	2209	13315000	27
20220426 123714	0	0	0	1	hist	lossguide	256	0	1	0.0100521032913863	0.686279211427523	7	747	0.0111512546763633	258	12999000	28
20220426 124146	0	0	0	1	hist	lossguide	256	0	1	0.0104239614617889	0.478263968120617	7	2	0.0149721245080045	2431	13017000	29
20220426 124431	0	0	0	1	hist	lossguide	256	0	1	0.0101229233637597	0.996404655402569	8	796	0.0138749655888047	157	12860000	30
20220426 124735	0	0	0	1	hist	lossguide	256	0	1	0.0101999346145408	0.816992761424371	8	2	0.018397010929713	1423	13012000	31
20220426 124807	0	0	0	1	hist	lossguide	256	0	1	0.117865294980262	0.999270210710291	8	3	0.0140694389551508	197	13072000	32
20220426 125100	0	0	0	1	hist	lossguide	256	0	1	0.0100465633428788	0.999443944014999	8	104	0.0125917674138296	193	12976000	33
20220426 125425	0	0	0	1	hist	lossguide	256	0	1	0.010052583502564	0.344674257096944	7	783	0.0156455307471954	328	13146000	34
20220426 125551	0	0	0	1	hist	lossguide	256	0	1	0.0256723428051913	0.999581050552212	7	772	0.0165188805234671	98	12639000	35
20220426 125846	0	0	0	1	hist	lossguide	256	0	1	0.010029216803341	0.500682400877113	7	1024	0.0135639692547256	193	13184000	36
20220426 130109	0	0	0	1	hist	lossguide	256	0	1	0.0101595588626617	0.471852313745015	7	883	0.00836793753572143	55	12417000	37
20220426 130409	0	0	0	1	hist	lossguide	256	0	1	0.0101264637203066	0.200054112889115	8	640	0.0143739018968654	271	13180000	38
20220426 130442	0	0	0	1	hist	lossguide	256	0	1	0.101346995995379	0.200814538475707	8	2	0.0156894669171431	224	13238000	39
20220426 130727	0	0	0	1	hist	lossguide	256	0	1	0.0125691751322167	0.221326973738987	8	1023	0.0152639533515436	297	13382000	40
20220426 130757	0	0	0	1	hist	lossguide	256	0	1	0.111483441679118	0.237606180091641	8	1021	0.0145073750037587	29	12399000	41
20220426 131110	0	0	0	1	hist	lossguide	256	0	1	0.0103413189633432	0.689711520092432	8	1024	0.0157641186157426	311	12952000	42
20220426 131440	0	0	0	1	hist	lossguide	256	0	1	0.0104668887785265	0.200525968822176	8	1024	0.0210091561521874	435	12668000	43
20220426 131551	0	0	0	1	hist	lossguide	256	0	1	0.0485387213202287	0.202055044424545	9	2	0.0175015817881128	598	13415000	44
20220426 131906	0	0	0	1	hist	lossguide	256	0	1	0.0100753443668646	0.200338554519501	9	854	0.0158504862952453	374	13263000	45
20220426 131927	0	0	0	1	hist	lossguide	256	0	1	0.196463893810904	0.301032253637878	9	3	0.0191204071279455	98	12255000	46
20220426 132026	0	0	0	1	hist	lossguide	256	0	1	0.0481469467073494	0.997377017451573	9	3	0.0164318662140478	402	13194000	47
20220426 132412	0	0	0	1	hist	lossguide	256	0	1	0.0115556873762135	0.200768834184476	9	168	0.0166738082639235	579	13325000	48
20220426 132524	0	0	0	1	hist	lossguide	256	0	1	0.0256327910671951	0.203217520438981	8	3	0.0165977419091645	458	13195000	49
20220426 132603	0	0	0	1	hist	lossguide	256	0	1	0.0707586469190008	0.281286176567246	9	54	0.0174054358068048	50	12556000	50
20220426 133007	0	0	0	1	hist	lossguide	256	0	1	0.0101603835906853	0.203420575007077	10	2	0.0222625760150954	2126	13224000	51
20220426 133342	0	0	0	1	hist	lossguide	256	0	1	0.010306496094988	0.201629907193981	5	1012	0.0144935160328423	260	13212000	52
20220426 133408	0	0	0	1	hist	lossguide	256	0	1	0.155389181102567	0.204022541055472	7	2	0.0151083658763259	162	13419000	53
20220426 133807	0	0	0	1	hist	lossguide	256	0	1	0.0102251371915706	0.939269694597222	5	1020	0.0124844358860981	320	12633000	54
20220426 133831	0	0	0	1	hist	lossguide	256	0	1	0.214607524860611	0.989435759691533	7	2	0.0142411664858901	145	12986000	55
20220426 134331	0	0	0	1	hist	lossguide	256	0	1	0.0101445287344194	0.200207735330217	9	2	0.0149696216815259	2751	13145000	56
20220426 134427	0	0	0	1	hist	lossguide	256	0	1	0.0375720864384533	0.200479140007226	10	336	0.0184040242771383	80	12723000	57
20220426 134850	0	0	0	1	hist	lossguide	256	0	1	0.0157809067343566	0.999412147718189	9	2	0.0230619384658421	2415	13039000	58
20220426 134917	0	0	0	1	hist	lossguide	256	0	1	0.296219281406843	0.994710930642237	8	2	0.0189629081427873	184	12849000	59
20220426 134940	0	0	0	1	hist	lossguide	256	0	1	0.245989612707654	0.201540633546951	7	2	0.0175593244901391	141	13159000	60
20220426 135000	0	0	0	1	hist	lossguide	256	0	1	0.246111462704457	0.637240009174762	8	2	0.0145255997723811	108	12999000	61
20220426 135023	0	0	0	1	hist	lossguide	256	0	1	0.221366006840981	0.890955727086938	7	1023	0.0129341463505241	5	11217000	62
20220426 135056	0	0	0	1	hist	lossguide	256	0	1	0.194830682328944	0.205492652397974	7	2	0.0140468747479229	249	12917000	63
20220426 135121	0	0	0	1	hist	lossguide	256	0	1	0.141896701917512	0.241272314963269	8	32	0.018282517202254	24	12237000	64
20220426 135225	0	0	0	1	hist	lossguide	256	0	1	0.0463133432335831	0.200238138007856	7	917	0.0144208754660126	110	12859000	65
20220426 135252	0	0	0	1	hist	lossguide	256	0	1	0.254437734557701	0.997879600709487	10	2	0.0203840864735509	174	13104000	66
20220426 135323	0	0	0	1	hist	lossguide	256	0	1	0.103226896357731	0.236667788777894	7	53	0.0127960472448459	24	12390000	67
20220426 135348	0	0	0	1	hist	lossguide	256	0	1	0.166410865117681	0.883774796020842	7	4	0.0157290808633397	120	13113000	68
20220426 135651	0	0	0	1	hist	lossguide	256	0	1	0.0100172856405263	0.561753550120842	8	543	0.0147464258577289	253	13306000	69
20220426 140000	0	0	0	1	hist	lossguide	256	0	1	0.0100655871061221	0.310010578179829	9	255	0.0257407429695098	310	11916000	70
20220426 140305	0	0	0	1	hist	lossguide	256	0	1	0.0150601917200833	0.625336543634013	9	2	0.0158314033925684	1618	13076000	71
20220426 140330	0	0	0	1	hist	lossguide	256	0	1	0.240497640304022	0.999448756153406	9	2	0.0166869678719617	160	12868000	72
20220426 140657	0	0	0	1	hist	lossguide	256	0	1	0.0100562804631643	0.240233091589097	10	1023	0.0144092215963061	466	13048000	73
20220426 140716	0	0	0	1	hist	lossguide	256	0	1	0.294810707516643	0.313083613205761	10	2	0.0175971214265966	103	12910000	74
20220426 141010	0	0	0	1	hist	lossguide	256	0	1	0.0102779452059187	0.978762957739366	8	302	0.0142203472157409	208	12783000	75
20220426 141250	0	0	0	1	hist	lossguide	256	0	1	0.0100588052314099	0.36846418951765	9	1024	0.0153145500868497	196	13032000	76
20220426 141313	0	0	0	1	hist	lossguide	256	0	1	0.264320816330762	0.210091217429001	10	2	0.0229168582471045	133	12536000	77
20220426 141652	0	0	0	1	hist	lossguide	256	0	1	0.0100118530326486	0.223252702030663	10	561	0.0158151031657446	524	13290000	78
20220426 141711	0	0	0	1	hist	lossguide	256	0	1	0.284557289589	0.996929472520417	10	2	0.0151608825371412	89	12537000	79
20220426 141740	0	0	0	1	hist	lossguide	256	0	1	0.0959368876021862	0.999469286801137	8	4	0.0219448597371951	134	12483000	80
20220426 141800	0	0	0	1	hist	lossguide	256	0	1	0.299903110144129	0.659917448689631	10	645	0.0185267240635779	9	11564000	81
20220426 141825	0	0	0	1	hist	lossguide	256	0	1	0.257021115180009	0.993105279411229	7	2	0.0179113958759082	164	12830000	82
20220426 142133	0	0	0	1	hist	lossguide	256	0	1	0.0100928072183801	0.252820403256666	7	485	0.0152188466372464	247	12937000	83
20220426 142159	0	0	0	1	hist	lossguide	256	0	1	0.274798351158756	0.202786259297723	8	3	0.0170401101368414	159	12635000	84
20220426 142221	0	0	0	1	hist	lossguide	256	0	1	0.299316300650525	0.726633826247891	10	2	0.0209683636325681	129	12740000	85
20220426 142523	0	0	0	1	hist	lossguide	256	0	1	0.0104444293223388	0.907839711187765	10	175	0.0195725526438767	327	12600000	86
20220426 142547	0	0	0	1	hist	lossguide	256	0	1	0.238853036656756	0.208692493977029	10	2	0.0161940952915051	153	13109000	87
20220426 142620	0	0	0	1	hist	lossguide	256	0	1	0.0970659717402532	0.999318463243005	7	1023	0.0149168783420399	15	11957000	88
20220426 142653	0	0	0	1	hist	lossguide	256	0	1	0.24373095490683	0.546473697934172	10	2	0.0184421573709433	250	13051000	89
20220426 142928	0	0	0	1	hist	lossguide	256	0	1	0.0100144968865118	0.939179349901593	7	975	0.00835101539650945	68	12055000	90
20220426 142950	0	0	0	1	hist	lossguide	256	0	1	0.226145765484829	0.252324698747203	10	933	0.0176924982424154	13	12195000	91
20220426 143044	0	0	0	1	hist	lossguide	256	0	1	0.0487987430790354	0.200149491782148	10	761	0.0157315623889936	96	13349000	92
20220426 143402	0	0	0	1	hist	lossguide	256	0	1	0.0100272852351063	0.892326620134149	7	1024	0.0236217651019967	266	11705000	93
20220426 143428	0	0	0	1	hist	lossguide	256	0	1	0.234019674127583	0.999221079028474	10	2	0.0270851962877065	158	11723000	94
20220426 143738	0	0	0	1	hist	lossguide	256	0	1	0.010056033262396	0.352568165931938	10	717	0.0178294303658487	375	13203000	95
20220426 143803	0	0	0	1	hist	lossguide	256	0	1	0.228607179213194	0.207572485426953	6	2	0.0158263846160089	142	13180000	96
20220426 143850	0	0	0	1	hist	lossguide	256	0	1	0.0477232039187012	0.999879340879206	10	2	0.031329989873371	295	11264000	97
20220426 143913	0	0	0	1	hist	lossguide	256	0	1	0.166294574748557	0.999922332455274	10	773	0.0204201158283586	13	11705000	98
20220426 144227	0	0	0	1	hist	lossguide	256	0	1	0.0100501487437012	0.415646606957239	8	980	0.0151194442045892	314	13275000	99
20220426 144321	0	0	0	1	hist	lossguide	256	0	1	0.0489065345672904	0.201829198286071	9	979	0.0166014875605223	90	13173000	100
20220426 144554	0	0	0	1	hist	lossguide	256	0	1	0.0123429751304092	0.814131354178505	7	685	0.0141821536312665	170	13292000	101
20220426 144627	0	0	0	1	hist	lossguide	256	0	1	0.0914445415009688	0.200286199781268	10	889	0.0175337509799986	38	12634000	102
20220426 144733	0	0	0	1	hist	lossguide	256	0	1	0.0498911025380169	0.945614292923767	8	3	0.0151643550006238	466	13149000	103
20220426 144811	0	0	0	1	hist	lossguide	256	0	1	0.163235548329662	0.989962186109134	10	2	0.0154197510342697	294	13193000	104
20220426 145109	0	0	0	1	hist	lossguide	256	0	1	0.0101163606859283	0.441253628869561	9	689	0.0142255977053533	279	13547000	105
20220426 145131	0	0	0	1	hist	lossguide	256	0	1	0.163131182480122	0.201358691710439	5	2	0.0153251671975897	122	13054000	106
20220426 145425	0	0	0	1	hist	lossguide	256	0	1	0.0100709763714605	0.444763726366241	10	679	0.0139276255670041	296	13379000	107
20220426 145448	0	0	0	1	hist	lossguide	256	0	1	0.212998891910614	0.82087945049891	10	2	0.0154378771102255	124	13159000	108
20220426 145636	0	0	0	1	hist	lossguide	256	0	1	0.015676587124701	0.433290112596682	9	679	0.0147113735241118	125	13352000	109
20220426 145658	0	0	0	1	hist	lossguide	256	0	1	0.299714477815424	0.200368930788522	6	1015	0.0201415845138181	7	10220000	110
20220426 145729	0	0	0	1	hist	lossguide	256	0	1	0.299809332147218	0.799246882960343	5	2	0.0169847214386713	232	13156000	111
20220426 145801	0	0	0	1	hist	lossguide	256	0	1	0.29984334486355	0.503883903014766	6	2	0.0192141755313459	236	13070000	112
20220426 150143	0	0	0	1	hist	lossguide	256	0	1	0.0100394121353665	0.208506801303583	10	481	0.0123891452496507	549	12882000	113
20220426 150421	0	0	0	1	hist	lossguide	256	0	1	0.0101087243953216	0.220822128355975	9	734	0.0135358517335396	190	13033000	114
20220426 150453	0	0	0	1	hist	lossguide	256	0	1	0.29991718113146	0.794716561454587	6	2	0.0155660242719039	219	13303000	115
20220426 150514	0	0	0	1	hist	lossguide	256	0	1	0.236379396064001	0.683168563506268	6	2	0.0152878877155345	106	12774000	116
20220426 150534	0	0	0	1	hist	lossguide	256	0	1	0.297632186513599	0.205052320756072	10	1022	0.00863110835124901	10	10941000	117
20220426 150601	0	0	0	1	hist	lossguide	256	0	1	0.299836864430493	0.256222862268723	5	2	0.0150920803294545	184	12857000	118
20220426 150912	0	0	0	1	hist	lossguide	256	0	1	0.0100271751268741	0.48361144474973	8	684	0.0154091604381092	302	13109000	119
20220426 151219	0	0	0	1	hist	lossguide	256	0	1	0.0101907900125115	0.200318793374752	10	741	0.0280312628173656	378	11720000	120
